428.370000	583.380000	117.500000
440.260000	589.100000	100.980000
450.070000	588.710000	81.288000
459.160000	576.330000	65.670000
465.130000	556.010000	57.725000
465.520000	533.390000	56.128000
472.570000	512.140000	57.421000
475.480000	491.760000	65.675000
478.300000	472.730000	75.490000
483.490000	459.910000	91.432000
494.800000	452.140000	108.270000
507.300000	453.360000	126.680000
506.490000	463.170000	145.240000
492.420000	473.160000	158.900000
470.260000	473.460000	162.240000
454.940000	474.330000	170.500000
450.600000	460.990000	156.650000
446.680000	450.960000	140.940000
447.660000	439.930000	124.410000
458.090000	427.990000	112.310000
471.470000	416.680000	103.440000
485.750000	404.720000	96.719000
502.710000	394.360000	94.636000
522.360000	391.100000	96.600000
542.400000	391.680000	97.438000
560.390000	396.120000	101.570000
575.900000	403.070000	110.160000
585.900000	415.000000	122.650000
589.330000	426.970000	138.360000
591.290000	439.180000	154.050000
592.100000	446.260000	171.240000
589.730000	453.510000	188.390000
577.220000	459.270000	170.320000
570.910000	455.520000	148.860000
577.740000	443.390000	132.250000
590.410000	440.330000	112.890000
601.970000	449.700000	95.710000
612.530000	467.060000	84.096000
620.140000	487.510000	75.121000
630.750000	509.670000	75.313000
633.660000	533.950000	73.478000
641.940000	553.630000	82.443000
641.520000	574.080000	93.594000
639.460000	587.680000	110.380000
628.450000	595.410000	128.490000
618.540000	589.860000	149.990000
619.020000	581.470000	171.660000
635.820000	579.270000	189.500000
635.160000	583.100000	171.740000
643.410000	592.020000	155.660000
647.910000	599.720000	138.000000
648.010000	602.850000	117.920000
644.450000	612.420000	100.840000
636.480000	626.270000	88.600000
623.840000	640.490000	81.579000
607.780000	651.600000	77.663000
589.300000	660.060000	77.613000
570.690000	665.250000	84.032000
554.060000	667.750000	94.103000
538.960000	668.550000	107.690000
524.390000	664.880000	120.730000
517.430000	660.890000	138.590000
517.170000	655.890000	157.940000
516.410000	646.330000	171.640000
536.670000	629.320000	168.750000
559.260000	617.990000	162.780000
579.220000	619.690000	145.550000
577.050000	627.800000	121.030000
562.800000	635.190000	100.160000
543.840000	640.990000	83.762000
519.330000	634.250000	77.386000
502.880000	620.040000	64.311000
489.190000	599.090000	55.809000
476.110000	575.570000	55.205000
467.450000	554.000000	62.501000
464.890000	534.430000	78.920000
470.670000	529.460000	102.710000
467.150000	539.870000	126.380000
456.520000	562.440000	129.880000
440.120000	578.720000	135.620000
465.880000	494.670000	71.529000
461.000000	500.360000	81.008000
458.930000	506.450000	91.371000
456.570000	512.000000	101.960000
455.120000	517.080000	112.920000
454.460000	521.330000	124.080000
453.110000	524.110000	135.830000
453.600000	526.200000	147.800000
523.140000	401.780000	104.430000
523.680000	412.830000	111.940000
524.000000	423.140000	120.440000
524.020000	431.570000	130.760000
523.920000	439.750000	141.350000
523.580000	447.010000	152.550000
523.000000	454.210000	163.820000
522.140000	460.010000	175.880000
632.900000	508.960000	88.526000
631.730000	510.110000	102.600000
630.310000	511.230000	116.660000
627.480000	512.450000	130.490000
624.070000	513.620000	144.190000
620.520000	514.720000	157.860000
616.170000	515.830000	171.290000
610.660000	516.450000	184.040000
605.560000	650.500000	91.024000
601.690000	647.330000	103.660000
597.580000	643.450000	116.110000
593.540000	639.310000	128.510000
590.430000	636.010000	141.220000
586.370000	630.770000	153.040000
582.450000	624.990000	164.780000
579.090000	619.090000	176.520000
497.260000	621.720000	72.751000
493.370000	620.410000	82.788000
490.550000	618.310000	93.060000
487.930000	616.550000	103.450000
485.970000	614.710000	113.840000
484.810000	612.700000	124.220000
484.200000	610.740000	134.920000
483.920000	608.920000	145.670000
441.990000	565.800000	137.760000
449.770000	553.630000	139.250000
452.940000	539.930000	143.440000
428.370000	428.370000	428.370000
456.080000	512.710000	152.500000
457.900000	499.300000	158.110000
455.150000	486.270000	163.750000
428.370000	428.370000	428.370000
471.110000	470.020000	172.340000
488.790000	469.430000	170.760000
506.200000	466.130000	172.350000
428.370000	428.370000	428.370000
540.070000	461.070000	176.460000
557.890000	460.670000	178.080000
573.240000	453.690000	184.230000
428.370000	428.370000	428.370000
592.740000	469.210000	186.000000
596.530000	485.340000	183.640000
603.540000	501.050000	183.370000
428.370000	428.370000	428.370000
615.370000	532.910000	183.780000
621.610000	548.910000	185.020000
629.400000	563.810000	187.750000
428.370000	428.370000	428.370000
622.280000	589.120000	185.990000
607.750000	598.520000	181.940000
593.790000	609.330000	179.180000
428.370000	428.370000	428.370000
563.210000	624.790000	172.490000
547.890000	633.730000	171.160000
532.890000	643.310000	172.660000
428.370000	428.370000	428.370000
511.380000	636.920000	164.100000
505.380000	625.670000	156.860000
494.610000	617.580000	151.000000
428.370000	428.370000	428.370000
474.650000	598.450000	141.200000
463.680000	590.210000	138.310000
450.460000	584.700000	137.220000
428.370000	428.370000	428.370000
455.080000	528.050000	179.530000
454.140000	529.500000	211.420000
450.520000	530.970000	243.100000
445.780000	532.250000	274.710000
442.150000	533.560000	306.460000
438.040000	534.700000	338.160000
435.720000	536.540000	370.000000
435.020000	537.030000	401.920000
435.350000	537.040000	433.910000
435.250000	535.890000	465.840000
436.890000	534.820000	497.730000
439.290000	533.340000	529.550000
444.430000	532.430000	561.120000
450.800000	531.410000	592.420000
458.280000	529.540000	623.400000
467.890000	527.380000	653.790000
476.100000	525.240000	684.500000
486.230000	523.870000	714.780000
494.690000	522.320000	745.560000
500.130000	520.690000	776.850000
494.830000	518.860000	807.150000
472.140000	519.330000	825.060000
440.450000	523.030000	824.910000
414.490000	525.360000	842.260000
410.790000	524.330000	873.040000
429.110000	521.990000	897.710000
520.860000	472.160000	201.690000
520.340000	475.900000	230.010000
519.900000	476.380000	258.740000
518.730000	477.070000	287.510000
517.030000	477.150000	315.990000
515.180000	479.490000	344.590000
513.890000	482.080000	373.070000
512.480000	483.130000	401.780000
511.520000	485.090000	430.440000
510.500000	486.080000	459.180000
509.670000	487.120000	487.940000
509.150000	488.160000	516.690000
509.830000	490.090000	545.380000
511.520000	491.600000	574.070000
514.050000	492.110000	602.770000
517.320000	492.110000	631.370000
521.280000	492.080000	659.930000
525.610000	490.090000	688.300000
531.390000	490.050000	716.520000
538.510000	488.730000	744.390000
543.920000	484.470000	772.370000
546.950000	476.120000	799.650000
545.870000	467.080000	826.800000
533.290000	464.420000	852.070000
518.490000	474.530000	873.970000
514.810000	483.790000	900.270000
602.130000	519.250000	210.560000
595.210000	521.720000	237.560000
592.830000	522.690000	265.440000
592.960000	522.900000	293.440000
589.980000	524.020000	321.230000
587.780000	524.850000	349.140000
585.230000	525.710000	377.010000
582.140000	526.630000	404.840000
579.000000	527.480000	432.620000
574.990000	528.470000	460.220000
573.190000	528.790000	488.150000
571.890000	528.900000	516.120000
569.980000	529.090000	544.050000
570.740000	528.480000	572.030000
568.920000	528.500000	599.970000
568.910000	527.950000	627.980000
570.540000	526.860000	655.910000
572.720000	525.530000	683.800000
576.000000	523.740000	711.540000
581.600000	520.830000	738.810000
590.110000	517.450000	765.110000
600.570000	513.080000	790.690000
606.050000	509.940000	817.920000
601.300000	510.980000	844.910000
589.030000	515.750000	869.450000
571.820000	523.490000	889.900000
569.190000	609.800000	201.300000
564.160000	605.840000	228.990000
561.560000	605.270000	257.230000
559.480000	605.420000	285.600000
557.490000	605.350000	313.980000
556.300000	606.320000	342.400000
554.500000	605.290000	370.760000
553.250000	604.570000	399.180000
552.290000	603.590000	427.520000
551.610000	602.370000	455.930000
550.090000	599.290000	484.040000
548.350000	595.700000	512.160000
547.270000	592.860000	540.470000
546.570000	590.330000	568.700000
548.040000	587.500000	596.990000
550.480000	585.460000	625.240000
552.730000	582.980000	653.460000
555.420000	580.600000	681.710000
558.650000	578.260000	709.870000
561.990000	575.160000	737.970000
568.580000	573.510000	765.510000
576.130000	576.590000	792.560000
582.940000	585.430000	818.670000
582.840000	594.190000	845.520000
568.670000	599.150000	868.550000
559.400000	590.020000	892.480000
481.890000	605.400000	176.970000
479.700000	602.590000	208.480000
474.480000	603.660000	239.780000
469.620000	605.110000	271.040000
466.000000	605.890000	302.580000
463.350000	606.380000	334.260000
460.790000	607.880000	365.740000
459.830000	608.140000	397.520000
459.750000	608.080000	429.200000
460.460000	607.780000	460.980000
462.020000	606.920000	492.720000
464.750000	604.870000	524.280000
470.120000	603.070000	555.570000
475.240000	600.090000	586.810000
480.900000	595.610000	617.770000
486.680000	590.950000	648.670000
493.070000	585.780000	679.360000
500.680000	579.730000	709.640000
507.570000	575.130000	740.350000
513.520000	571.850000	771.320000
514.260000	573.800000	802.890000
503.290000	591.260000	823.180000
484.360000	616.260000	824.820000
465.960000	634.400000	840.160000
457.880000	637.130000	869.600000
464.790000	621.690000	895.460000
457.170000	570.260000	159.380000
457.710000	569.920000	189.900000
453.110000	571.240000	220.170000
446.470000	573.300000	249.930000
440.210000	575.430000	279.870000
435.680000	577.140000	310.130000
433.060000	578.190000	340.540000
430.830000	578.640000	371.050000
429.700000	578.330000	401.660000
429.020000	577.940000	432.300000
430.910000	576.720000	462.820000
433.440000	575.340000	493.340000
437.020000	573.650000	523.720000
441.210000	571.780000	553.850000
446.390000	569.610000	583.880000
452.960000	567.040000	613.720000
461.300000	563.600000	643.020000
471.270000	559.160000	671.670000
480.790000	555.030000	700.500000
490.130000	551.160000	729.190000
495.260000	548.910000	759.300000
494.100000	549.230000	789.420000
483.490000	553.620000	817.470000
461.630000	563.380000	835.710000
445.510000	570.870000	859.200000
452.440000	568.410000	888.440000
474.960000	489.140000	187.460000
478.560000	493.110000	217.630000
477.970000	491.930000	248.670000
474.180000	489.680000	279.520000
469.850000	490.580000	310.250000
466.380000	493.560000	341.030000
464.660000	496.150000	372.020000
462.710000	496.600000	403.120000
461.730000	497.030000	434.220000
462.510000	498.460000	465.320000
464.600000	500.380000	496.240000
466.770000	501.090000	527.310000
470.040000	502.430000	557.020000
473.790000	503.010000	587.950000
479.370000	502.910000	618.580000
486.270000	502.230000	648.840000
492.650000	500.890000	679.180000
499.310000	500.040000	709.350000
506.140000	499.380000	739.280000
512.030000	497.560000	769.760000
513.700000	491.010000	799.370000
502.800000	479.750000	826.040000
483.420000	469.610000	847.980000
460.600000	466.410000	864.930000
455.090000	475.150000	885.520000
470.030000	496.900000	895.890000
576.170000	476.230000	195.210000
566.550000	488.850000	218.570000
564.910000	490.390000	247.210000
564.750000	490.830000	276.220000
564.100000	490.660000	305.220000
562.680000	490.020000	334.160000
560.730000	490.150000	362.910000
557.710000	492.050000	391.740000
554.550000	494.720000	420.430000
552.130000	496.750000	449.180000
549.670000	499.510000	478.000000
548.180000	500.730000	506.990000
547.090000	501.360000	535.470000
546.340000	502.150000	564.470000
546.480000	503.580000	593.510000
547.190000	504.680000	622.500000
548.400000	505.540000	651.380000
550.520000	505.590000	680.350000
553.690000	504.780000	709.160000
558.130000	502.990000	737.800000
564.440000	499.670000	765.930000
572.040000	493.390000	793.260000
573.860000	489.910000	821.610000
561.700000	499.680000	845.840000
549.730000	505.280000	867.880000
540.500000	503.710000	891.240000
610.350000	575.620000	197.710000
596.490000	569.930000	221.730000
592.690000	567.580000	250.160000
592.190000	567.590000	278.890000
592.150000	568.780000	307.590000
589.930000	569.250000	336.040000
588.070000	569.670000	364.710000
584.740000	568.890000	393.300000
581.060000	567.490000	421.580000
576.810000	565.650000	449.850000
573.190000	563.800000	478.350000
570.960000	562.010000	506.970000
569.110000	560.130000	535.640000
567.980000	558.250000	564.350000
567.480000	556.350000	592.980000
566.510000	554.230000	621.630000
565.840000	552.020000	650.180000
566.510000	549.830000	678.870000
567.990000	547.500000	707.500000
573.320000	545.820000	735.670000
579.020000	543.860000	763.640000
588.390000	546.230000	790.500000
591.190000	550.560000	818.500000
582.620000	548.630000	845.640000
588.110000	559.160000	868.330000
572.380000	557.560000	891.500000
525.180000	624.380000	187.640000
520.540000	617.530000	215.030000
513.540000	619.710000	243.320000
508.390000	621.590000	272.120000
504.780000	623.680000	300.970000
502.440000	625.930000	330.130000
501.220000	625.140000	359.390000
500.580000	623.890000	388.590000
500.420000	622.340000	417.820000
500.860000	622.400000	447.120000
501.410000	619.580000	476.320000
502.320000	617.020000	505.510000
503.610000	614.960000	534.620000
506.120000	609.780000	563.340000
509.610000	605.480000	592.160000
513.420000	602.140000	621.050000
517.470000	598.310000	649.810000
521.900000	594.730000	678.560000
526.820000	590.820000	707.210000
532.490000	585.870000	735.480000
538.770000	582.900000	763.880000
545.460000	585.540000	792.170000
546.940000	596.850000	818.560000
544.850000	615.130000	841.240000
535.230000	623.780000	866.420000
519.330000	614.570000	889.000000
