607.270000	549.330000	733.610000
600.900000	551.160000	750.330000
597.820000	540.270000	767.100000
594.110000	524.460000	776.700000
591.800000	504.820000	776.010000
584.380000	487.660000	770.790000
571.450000	482.820000	773.160000
554.210000	490.230000	777.730000
536.430000	498.450000	777.420000
517.920000	502.530000	771.080000
503.240000	507.490000	759.720000
491.970000	512.790000	746.090000
489.300000	512.820000	727.920000
495.790000	506.670000	713.150000
506.480000	497.650000	702.880000
521.430000	488.070000	695.070000
509.460000	483.430000	705.110000
505.690000	480.910000	718.410000
510.580000	488.310000	731.810000
508.890000	493.140000	745.790000
500.010000	499.970000	754.670000
489.590000	503.790000	763.980000
474.040000	509.700000	764.840000
458.680000	511.950000	761.990000
445.690000	512.270000	759.080000
440.350000	528.140000	757.690000
434.070000	540.760000	751.010000
429.250000	553.510000	742.730000
423.790000	562.530000	730.770000
422.410000	564.560000	714.360000
420.100000	566.050000	697.840000
415.120000	566.410000	681.830000
432.580000	567.570000	691.940000
436.560000	567.000000	709.400000
426.570000	561.030000	709.430000
435.230000	570.840000	725.180000
428.960000	582.890000	740.030000
422.100000	599.220000	746.770000
413.950000	617.830000	746.880000
407.400000	635.430000	746.880000
417.440000	650.570000	748.840000
435.090000	660.600000	748.600000
450.990000	655.550000	743.470000
466.300000	664.980000	737.340000
479.160000	668.060000	723.510000
489.140000	662.450000	707.390000
486.460000	663.290000	687.800000
475.420000	675.430000	677.860000
479.030000	677.530000	693.410000
480.870000	677.730000	711.030000
491.360000	679.960000	724.450000
500.970000	682.030000	736.350000
509.890000	687.350000	741.940000
522.130000	696.350000	749.880000
536.830000	698.700000	754.840000
547.530000	684.330000	755.860000
559.570000	672.680000	758.880000
577.250000	669.870000	759.920000
590.820000	660.550000	756.680000
599.060000	653.880000	745.710000
598.710000	647.610000	730.260000
600.140000	652.650000	712.930000
604.610000	656.520000	697.360000
602.850000	645.070000	684.580000
582.640000	645.050000	694.020000
567.950000	653.430000	708.710000
568.830000	660.910000	732.200000
586.200000	658.070000	749.990000
604.850000	651.150000	765.750000
618.140000	631.230000	770.740000
631.090000	609.710000	769.700000
631.810000	588.430000	763.760000
629.920000	575.930000	775.930000
609.660000	563.910000	779.870000
595.650000	543.790000	775.860000
589.150000	528.230000	759.600000
586.250000	528.280000	736.430000
579.960000	534.100000	737.460000
587.140000	548.010000	721.900000
608.930000	545.820000	716.510000
556.090000	487.140000	768.960000
559.660000	489.170000	760.490000
563.010000	494.010000	752.980000
565.140000	499.250000	745.300000
566.210000	503.510000	736.940000
566.170000	507.300000	728.540000
565.030000	510.810000	719.720000
564.460000	513.880000	710.760000
455.690000	507.230000	753.700000
457.860000	510.760000	744.220000
460.380000	515.240000	735.130000
461.690000	516.240000	725.200000
462.440000	517.420000	714.990000
463.440000	519.320000	704.840000
464.210000	520.840000	694.570000
465.340000	523.200000	684.540000
408.130000	635.950000	738.030000
414.450000	634.650000	729.980000
420.180000	633.210000	721.500000
424.090000	632.110000	712.050000
427.820000	630.940000	702.460000
430.920000	629.620000	692.630000
434.560000	627.680000	683.410000
438.190000	625.640000	674.090000
549.750000	686.550000	746.180000
549.670000	684.350000	736.220000
547.640000	680.300000	727.040000
545.850000	676.090000	717.800000
544.780000	673.020000	708.080000
543.290000	669.950000	698.240000
540.980000	665.780000	689.340000
538.590000	663.100000	679.380000
631.040000	590.430000	756.030000
623.390000	593.340000	752.510000
616.980000	596.130000	747.020000
613.370000	597.250000	739.170000
610.280000	597.620000	730.870000
607.540000	597.820000	722.590000
603.550000	597.600000	714.650000
601.250000	596.200000	706.120000
598.000000	537.550000	715.820000
586.430000	529.900000	715.060000
576.240000	521.120000	712.940000
607.270000	607.270000	607.270000
551.780000	510.310000	708.270000
539.140000	506.300000	704.390000
529.250000	497.830000	699.650000
607.270000	607.270000	607.270000
506.690000	494.480000	690.080000
493.210000	504.520000	688.180000
479.870000	514.950000	686.530000
607.270000	607.270000	607.270000
454.620000	536.430000	683.860000
442.170000	547.760000	682.980000
428.400000	557.420000	682.480000
607.270000	607.270000	607.270000
422.070000	580.650000	679.420000
428.190000	595.250000	677.570000
433.080000	610.470000	675.860000
607.270000	607.270000	607.270000
447.970000	638.050000	674.660000
458.560000	649.710000	675.500000
468.340000	661.930000	675.870000
607.270000	607.270000	607.270000
489.690000	672.170000	676.380000
504.350000	663.240000	678.420000
521.370000	662.510000	678.850000
607.270000	607.270000	607.270000
554.110000	658.020000	681.260000
570.220000	653.420000	683.560000
587.460000	651.760000	683.520000
607.270000	607.270000	607.270000
604.130000	633.600000	690.300000
601.190000	621.810000	696.610000
601.890000	608.890000	701.140000
607.270000	607.270000	607.270000
599.450000	583.580000	711.120000
598.910000	570.420000	714.360000
603.800000	557.990000	715.590000
607.270000	607.270000	607.270000
563.860000	517.390000	680.010000
563.990000	521.870000	649.650000
566.200000	519.690000	618.620000
567.400000	517.140000	587.710000
567.620000	515.610000	556.590000
567.100000	515.720000	525.400000
566.190000	516.340000	494.240000
565.120000	515.850000	463.090000
563.430000	516.430000	431.970000
560.950000	517.240000	400.890000
557.670000	519.140000	369.870000
553.690000	521.830000	338.990000
549.180000	524.770000	308.260000
543.810000	529.170000	277.840000
537.600000	534.420000	247.730000
530.220000	540.840000	218.050000
522.160000	546.820000	188.460000
512.510000	553.730000	159.550000
503.420000	558.080000	130.060000
498.560000	557.640000	99.625000
511.910000	540.240000	84.700000
531.260000	516.790000	86.767000
545.900000	500.910000	66.231000
545.750000	503.330000	36.591000
535.040000	524.500000	16.996000
522.730000	552.140000	11.111000
470.650000	527.730000	659.020000
474.420000	530.900000	633.120000
475.240000	530.620000	606.690000
476.540000	531.130000	580.270000
477.700000	531.760000	553.840000
479.250000	533.460000	527.460000
479.870000	534.140000	501.010000
480.810000	535.960000	474.620000
481.690000	538.320000	448.290000
481.640000	539.670000	421.910000
480.730000	540.220000	395.470000
479.740000	541.380000	369.040000
478.480000	542.800000	342.670000
476.640000	544.780000	316.420000
474.280000	547.140000	290.230000
471.510000	549.830000	264.060000
468.230000	552.700000	237.990000
464.390000	555.700000	212.030000
461.220000	559.880000	186.110000
457.400000	563.870000	160.250000
450.670000	565.990000	134.770000
437.300000	563.800000	112.280000
423.330000	561.250000	90.544000
428.550000	562.310000	65.690000
447.840000	564.300000	47.848000
468.190000	566.680000	32.544000
446.950000	620.130000	650.480000
452.720000	616.660000	625.610000
454.790000	615.300000	600.010000
455.110000	614.800000	574.230000
455.430000	614.230000	548.460000
456.540000	613.260000	522.750000
456.530000	612.860000	496.990000
456.940000	612.280000	471.220000
456.120000	612.350000	445.440000
456.170000	612.040000	419.650000
456.660000	611.570000	393.880000
456.790000	611.300000	368.090000
457.220000	610.860000	342.300000
457.320000	610.600000	316.530000
456.370000	610.940000	290.760000
454.030000	611.410000	265.110000
450.660000	612.680000	239.760000
446.860000	614.540000	214.370000
442.720000	616.960000	189.020000
436.940000	620.760000	164.320000
429.490000	625.770000	140.160000
422.320000	630.390000	115.920000
417.580000	633.180000	90.861000
425.610000	628.460000	67.442000
443.660000	618.690000	52.075000
463.400000	609.130000	38.626000
537.960000	653.910000	654.970000
538.710000	648.430000	629.250000
539.380000	644.860000	603.080000
540.670000	643.890000	576.790000
541.200000	641.350000	550.540000
540.180000	636.280000	524.720000
539.300000	632.560000	499.380000
537.530000	627.890000	473.580000
536.340000	625.010000	447.390000
534.800000	622.730000	421.120000
531.810000	620.660000	394.960000
528.440000	618.620000	368.860000
525.160000	617.440000	342.670000
522.420000	617.820000	316.380000
518.900000	617.810000	290.210000
515.980000	619.640000	263.990000
512.350000	621.450000	237.910000
507.840000	623.100000	211.920000
503.140000	625.770000	186.140000
498.170000	629.600000	160.480000
493.840000	636.650000	135.520000
490.240000	649.280000	113.040000
491.350000	665.920000	92.761000
494.630000	668.700000	67.752000
498.520000	654.350000	46.149000
504.030000	632.210000	33.650000
596.270000	590.890000	676.590000
596.130000	586.310000	646.830000
596.900000	582.520000	616.700000
600.140000	580.190000	586.570000
599.900000	577.910000	556.340000
599.790000	576.420000	525.980000
598.570000	575.250000	495.700000
597.030000	574.600000	465.390000
594.870000	574.340000	435.150000
590.870000	574.550000	405.030000
587.440000	575.220000	374.810000
582.300000	575.900000	344.920000
575.650000	576.950000	315.250000
569.410000	578.600000	285.540000
562.670000	580.790000	255.990000
553.160000	583.490000	227.230000
544.910000	586.720000	198.350000
535.900000	590.460000	169.610000
528.550000	595.000000	140.460000
524.930000	601.300000	111.090000
536.780000	607.750000	88.222000
567.330000	611.590000	94.114000
591.630000	616.010000	78.305000
594.090000	614.590000	48.877000
575.490000	610.260000	26.570000
548.050000	601.610000	17.079000
588.270000	550.430000	697.780000
584.690000	550.040000	669.000000
587.710000	547.560000	639.980000
593.020000	544.120000	611.670000
596.790000	541.040000	582.940000
596.820000	539.420000	553.740000
596.360000	538.110000	524.590000
595.240000	537.250000	495.960000
593.110000	537.080000	467.580000
590.730000	537.260000	438.370000
588.090000	537.550000	409.200000
584.450000	538.120000	380.140000
580.620000	539.130000	351.100000
576.550000	540.670000	323.340000
570.930000	543.330000	294.830000
563.800000	547.050000	266.800000
555.530000	551.680000	239.090000
546.680000	557.040000	211.760000
537.690000	562.950000	184.510000
530.300000	568.280000	156.670000
524.540000	572.470000	128.240000
526.550000	572.340000	99.318000
541.300000	563.780000	76.845000
561.620000	556.950000	58.394000
558.350000	563.490000	30.692000
541.050000	571.230000	12.343000
526.760000	506.060000	676.110000
530.720000	509.900000	648.790000
532.240000	510.940000	620.960000
532.570000	507.170000	593.420000
533.320000	508.760000	565.610000
533.870000	509.080000	537.570000
533.830000	509.890000	509.590000
532.790000	509.570000	481.610000
531.430000	510.860000	453.650000
529.870000	513.600000	426.060000
527.340000	515.070000	398.290000
523.980000	515.780000	370.570000
520.910000	519.120000	342.960000
517.580000	523.330000	315.470000
513.610000	527.080000	287.950000
509.040000	530.020000	260.850000
502.620000	534.370000	233.940000
496.690000	539.540000	207.190000
490.620000	546.140000	180.690000
484.140000	551.340000	153.910000
477.420000	556.060000	127.170000
471.370000	549.730000	100.890000
471.430000	533.070000	79.001000
473.770000	515.960000	57.634000
482.330000	525.070000	34.193000
491.860000	548.000000	21.496000
436.390000	568.960000	667.880000
449.900000	570.170000	645.770000
453.680000	570.330000	619.860000
452.580000	570.180000	593.660000
450.110000	570.050000	567.510000
449.120000	570.300000	541.240000
450.080000	571.040000	514.980000
450.410000	571.870000	488.650000
452.110000	572.910000	462.720000
454.090000	573.530000	436.530000
453.350000	573.720000	410.350000
453.360000	574.470000	384.040000
453.470000	575.590000	357.830000
453.390000	577.000000	331.650000
453.100000	578.650000	305.460000
453.060000	580.740000	279.230000
452.800000	583.050000	253.040000
451.550000	585.230000	226.860000
450.340000	587.720000	200.680000
448.090000	590.030000	174.570000
443.250000	592.360000	148.830000
434.890000	593.430000	123.980000
424.940000	591.660000	99.718000
428.290000	590.570000	74.657000
444.640000	587.930000	54.522000
462.260000	585.550000	36.084000
481.910000	656.080000	665.570000
485.670000	643.180000	644.410000
485.690000	640.900000	618.840000
485.400000	639.910000	593.060000
484.760000	639.980000	567.640000
484.070000	640.060000	541.720000
483.630000	638.970000	515.740000
483.310000	637.100000	489.830000
483.110000	635.080000	463.900000
483.940000	633.770000	437.960000
484.350000	632.530000	412.060000
484.510000	630.120000	386.210000
484.140000	627.870000	360.390000
483.170000	626.100000	334.460000
481.610000	624.920000	308.560000
479.470000	624.260000	282.670000
476.790000	623.950000	256.860000
473.980000	622.750000	231.060000
470.040000	623.830000	205.420000
465.810000	624.610000	179.830000
460.190000	627.310000	154.580000
457.570000	634.000000	129.610000
454.180000	642.610000	105.380000
458.280000	642.510000	80.296000
469.230000	634.890000	58.001000
480.710000	624.600000	38.076000
586.140000	631.410000	668.170000
581.340000	625.410000	642.060000
579.380000	621.790000	614.920000
580.040000	619.990000	587.470000
581.040000	616.880000	560.160000
581.190000	613.710000	532.790000
580.700000	611.330000	505.430000
577.930000	607.980000	478.280000
576.070000	606.820000	451.070000
572.440000	604.850000	423.820000
568.360000	603.360000	396.710000
564.010000	602.560000	369.550000
559.580000	603.040000	342.330000
554.360000	603.180000	315.260000
548.210000	605.360000	288.730000
541.150000	608.260000	262.280000
534.820000	611.460000	235.630000
528.400000	614.010000	208.960000
521.150000	615.720000	182.710000
515.980000	619.920000	156.450000
511.090000	624.900000	129.910000
511.890000	635.040000	105.010000
521.620000	650.040000	84.906000
536.570000	657.120000	63.417000
536.280000	645.770000	39.886000
527.030000	624.250000	25.704000
