623.120000	477.030000	469.060000
643.370000	481.210000	483.780000
666.920000	466.560000	487.510000
677.570000	442.190000	487.940000
677.720000	414.860000	489.360000
665.860000	391.130000	488.500000
647.740000	370.420000	487.770000
628.230000	349.770000	485.200000
604.440000	334.730000	481.620000
576.910000	328.350000	477.470000
549.060000	334.320000	476.300000
522.630000	344.600000	473.320000
499.430000	359.170000	468.660000
491.080000	384.980000	465.430000
501.510000	409.700000	457.620000
516.770000	418.930000	438.120000
523.150000	398.140000	443.350000
521.120000	374.240000	449.190000
509.990000	355.970000	460.860000
488.780000	347.990000	469.980000
464.970000	347.690000	478.030000
441.260000	351.170000	485.320000
417.960000	356.150000	491.060000
395.070000	365.290000	494.750000
376.890000	381.460000	496.230000
361.970000	400.010000	493.630000
354.170000	423.170000	489.440000
350.480000	446.980000	483.550000
349.660000	470.600000	477.590000
359.260000	490.040000	467.340000
382.430000	496.970000	460.570000
403.510000	498.110000	449.710000
399.370000	484.590000	468.910000
376.700000	473.860000	477.270000
353.750000	483.650000	484.380000
335.750000	503.250000	488.110000
321.770000	525.510000	493.110000
320.190000	550.930000	498.980000
316.900000	574.380000	508.220000
322.730000	599.280000	514.750000
339.520000	620.600000	515.820000
360.110000	638.500000	514.660000
384.100000	651.310000	513.160000
409.950000	658.390000	510.350000
435.750000	659.350000	503.590000
456.250000	644.520000	497.120000
460.860000	623.300000	482.420000
454.420000	614.940000	464.620000
438.060000	630.090000	472.920000
434.720000	652.000000	482.460000
443.090000	671.470000	494.810000
460.270000	686.220000	505.660000
481.120000	695.100000	516.710000
504.210000	699.550000	525.790000
528.350000	702.320000	529.220000
552.710000	697.000000	528.250000
575.060000	688.690000	523.200000
594.930000	675.050000	516.250000
611.480000	658.210000	507.640000
627.300000	642.590000	496.490000
637.120000	623.640000	484.090000
631.790000	604.290000	469.600000
613.670000	589.890000	460.680000
591.830000	579.700000	455.080000
585.520000	592.990000	472.260000
598.100000	611.170000	483.750000
620.600000	616.640000	491.590000
644.180000	611.640000	498.420000
667.380000	602.040000	501.580000
686.140000	585.520000	503.000000
700.110000	564.320000	503.300000
710.820000	541.400000	502.090000
711.780000	516.550000	498.730000
709.320000	492.450000	493.780000
700.070000	471.210000	485.830000
691.800000	448.430000	480.030000
673.800000	433.800000	471.300000
651.070000	434.190000	460.510000
631.590000	448.600000	455.210000
619.090000	465.930000	446.090000
621.210000	362.220000	482.550000
613.900000	374.930000	480.320000
606.220000	387.490000	478.840000
598.420000	399.780000	476.180000
590.380000	411.740000	472.810000
582.510000	423.140000	467.510000
575.110000	433.550000	460.050000
568.150000	442.930000	450.970000
402.840000	375.440000	487.030000
411.630000	386.100000	480.970000
420.560000	397.790000	478.130000
428.310000	408.380000	473.650000
435.870000	419.100000	467.330000
443.420000	430.670000	461.620000
450.290000	441.790000	454.590000
457.050000	453.440000	447.770000
333.840000	595.290000	504.190000
347.600000	589.400000	498.570000
361.570000	583.240000	494.140000
375.400000	577.320000	488.720000
389.090000	571.560000	482.920000
401.780000	566.730000	474.440000
414.220000	562.110000	465.600000
425.600000	558.400000	455.390000
548.360000	688.650000	516.800000
543.700000	676.040000	510.990000
539.380000	663.080000	504.930000
535.610000	650.370000	498.030000
532.380000	638.030000	490.470000
529.640000	626.260000	481.740000
527.320000	616.110000	471.550000
525.550000	604.190000	463.000000
698.010000	537.130000	498.130000
685.490000	533.200000	492.850000
672.590000	529.790000	488.540000
659.500000	527.030000	483.950000
646.430000	524.970000	478.810000
633.070000	523.360000	474.420000
620.840000	522.680000	467.270000
609.230000	522.010000	459.220000
605.690000	462.660000	451.670000
592.390000	457.310000	454.870000
579.780000	451.100000	454.720000
623.120000	623.120000	623.120000
554.790000	436.840000	450.100000
541.950000	430.040000	446.970000
528.320000	424.860000	444.660000
623.120000	623.120000	623.120000
500.910000	425.420000	439.220000
485.870000	434.070000	441.740000
471.870000	443.680000	446.530000
623.120000	623.120000	623.120000
442.990000	463.960000	449.690000
429.100000	474.550000	449.430000
416.100000	485.970000	450.150000
623.120000	623.120000	623.120000
407.790000	513.280000	451.060000
413.820000	528.140000	452.920000
419.980000	543.320000	454.520000
623.120000	623.120000	623.120000
433.000000	572.830000	457.900000
440.270000	587.480000	459.730000
447.910000	601.720000	461.330000
623.120000	623.120000	623.120000
471.870000	615.170000	464.030000
489.910000	609.410000	465.820000
507.640000	608.280000	464.630000
623.120000	623.120000	623.120000
543.300000	597.800000	462.480000
561.050000	593.690000	458.430000
578.440000	588.840000	454.270000
623.120000	623.120000	623.120000
597.500000	565.720000	456.700000
602.580000	551.480000	457.620000
606.260000	536.880000	458.600000
623.120000	623.120000	623.120000
612.270000	507.210000	458.340000
615.240000	493.060000	455.760000
618.360000	479.550000	451.160000
623.120000	623.120000	623.120000
560.040000	452.240000	440.860000
551.800000	461.080000	428.280000
544.700000	467.940000	413.380000
539.500000	472.230000	397.080000
535.130000	475.090000	380.210000
530.660000	477.310000	365.940000
532.500000	474.500000	350.220000
530.820000	476.430000	338.630000
533.970000	472.650000	322.360000
533.970000	473.950000	306.720000
535.150000	474.360000	289.260000
536.230000	475.890000	271.710000
538.200000	476.060000	254.500000
538.840000	478.960000	241.030000
540.430000	480.820000	225.140000
541.590000	485.240000	208.020000
543.050000	489.550000	191.220000
543.230000	494.460000	174.110000
542.810000	498.930000	156.850000
543.190000	500.210000	139.080000
543.610000	499.280000	121.240000
545.470000	493.110000	104.610000
545.400000	488.070000	87.633000
542.360000	488.460000	70.230000
536.670000	496.810000	55.924000
530.030000	510.090000	46.361000
460.850000	463.830000	437.370000
464.360000	473.320000	426.240000
464.550000	480.280000	413.670000
463.550000	485.100000	401.680000
464.120000	488.560000	390.640000
462.880000	491.190000	376.960000
459.850000	492.450000	362.240000
456.870000	492.720000	347.660000
455.420000	493.110000	333.590000
453.780000	493.190000	320.390000
457.590000	495.380000	306.790000
459.330000	496.480000	291.800000
462.160000	497.770000	276.920000
466.470000	499.470000	263.920000
470.070000	500.670000	249.210000
473.610000	501.600000	235.110000
478.110000	502.730000	221.540000
482.310000	503.280000	208.080000
489.420000	506.310000	195.390000
492.530000	507.430000	180.530000
493.730000	508.230000	165.440000
490.900000	507.810000	150.530000
484.960000	508.140000	136.570000
479.850000	509.220000	122.380000
478.170000	513.390000	107.860000
478.130000	519.550000	93.954000
434.650000	555.910000	445.330000
443.210000	554.040000	434.730000
449.600000	553.270000	423.600000
456.950000	551.160000	413.990000
459.700000	552.350000	400.550000
461.830000	553.450000	387.360000
461.820000	555.620000	373.680000
460.900000	557.960000	360.240000
457.210000	561.800000	348.020000
460.100000	561.590000	335.000000
460.090000	563.590000	322.160000
461.730000	564.470000	308.870000
465.420000	563.780000	296.060000
469.370000	562.910000	282.780000
472.490000	562.590000	269.550000
477.140000	560.930000	257.080000
480.340000	560.380000	244.000000
486.310000	557.360000	232.190000
490.640000	555.660000	219.200000
494.150000	554.610000	205.860000
497.240000	553.920000	192.430000
498.780000	554.770000	178.680000
496.000000	557.340000	165.440000
490.060000	562.690000	154.160000
483.830000	567.780000	142.950000
479.190000	571.060000	130.450000
524.300000	595.790000	451.580000
522.860000	587.750000	438.620000
522.400000	586.530000	426.160000
520.750000	580.510000	412.710000
520.120000	582.280000	397.640000
519.530000	585.930000	382.700000
518.970000	591.360000	369.080000
518.440000	592.370000	357.170000
518.280000	595.710000	344.790000
518.480000	598.590000	334.160000
519.310000	604.580000	326.170000
518.830000	597.790000	314.250000
519.650000	597.920000	298.890000
520.770000	597.290000	283.540000
522.060000	595.630000	268.270000
523.490000	593.100000	253.150000
524.940000	589.270000	238.330000
526.750000	585.860000	223.400000
528.690000	583.540000	208.310000
529.620000	581.250000	193.110000
530.430000	581.810000	177.800000
530.670000	584.740000	162.810000
529.690000	590.820000	148.770000
526.190000	597.570000	135.650000
522.280000	599.410000	120.980000
518.860000	599.100000	106.100000
597.360000	524.260000	447.440000
587.440000	526.410000	434.400000
578.120000	529.260000	420.870000
570.410000	532.300000	407.200000
565.700000	535.100000	392.360000
563.900000	537.200000	380.050000
564.050000	540.210000	363.930000
564.340000	541.310000	350.550000
570.650000	543.560000	335.010000
571.490000	544.560000	318.730000
573.610000	545.810000	301.990000
576.080000	547.110000	285.080000
577.670000	548.100000	268.050000
579.790000	549.090000	251.090000
578.900000	549.270000	234.160000
577.090000	549.240000	217.140000
575.000000	549.150000	200.150000
572.370000	548.830000	183.230000
570.890000	549.030000	166.240000
569.900000	550.410000	149.260000
571.690000	552.930000	132.510000
577.840000	556.400000	116.970000
585.410000	560.700000	102.250000
588.880000	564.480000	86.081000
584.780000	566.910000	69.774000
575.600000	569.110000	55.648000
602.570000	474.360000	446.820000
587.310000	481.760000	439.950000
575.320000	488.410000	427.500000
567.350000	493.470000	411.740000
560.580000	497.960000	395.270000
558.180000	500.220000	381.650000
558.820000	500.890000	368.500000
557.060000	503.010000	354.830000
561.600000	501.780000	338.540000
560.040000	504.050000	323.190000
562.150000	504.180000	307.390000
565.170000	503.690000	291.590000
565.350000	505.190000	273.650000
569.290000	503.960000	257.310000
567.260000	506.980000	239.990000
567.960000	508.220000	221.470000
567.390000	510.440000	203.060000
566.140000	513.270000	184.860000
565.680000	515.570000	166.420000
565.010000	518.250000	148.170000
564.930000	520.710000	129.740000
566.050000	521.790000	111.210000
569.840000	520.750000	93.289000
572.470000	520.570000	75.013000
567.160000	525.550000	58.219000
556.020000	534.110000	46.417000
512.320000	434.940000	435.870000
506.610000	447.320000	426.920000
501.440000	456.130000	415.810000
498.310000	466.070000	403.260000
495.300000	470.650000	387.180000
493.450000	471.870000	372.340000
492.410000	472.100000	357.610000
491.710000	472.080000	341.370000
491.500000	468.090000	331.980000
491.850000	472.330000	318.640000
492.340000	473.150000	308.030000
493.640000	473.710000	291.400000
495.500000	475.410000	274.660000
497.860000	477.410000	257.970000
500.720000	480.240000	241.530000
503.880000	482.490000	224.920000
507.440000	485.510000	208.540000
511.400000	489.140000	192.650000
514.830000	492.370000	176.280000
517.290000	495.120000	160.240000
518.140000	497.430000	143.420000
517.000000	496.490000	126.710000
512.990000	493.290000	110.550000
508.920000	493.480000	94.090000
506.430000	501.260000	80.386000
501.860000	513.010000	69.270000
417.270000	502.010000	445.490000
429.170000	506.560000	437.120000
440.410000	511.020000	427.760000
445.480000	514.770000	414.730000
451.460000	518.100000	402.970000
452.730000	521.050000	388.060000
448.010000	523.350000	376.250000
447.990000	524.390000	368.370000
450.030000	525.360000	355.210000
448.290000	526.720000	340.090000
448.570000	527.640000	326.090000
449.600000	528.550000	311.030000
451.670000	529.240000	296.320000
456.110000	529.260000	281.710000
459.620000	529.860000	267.190000
465.320000	529.900000	253.320000
470.500000	530.390000	238.970000
476.190000	530.790000	224.950000
481.580000	531.000000	210.660000
487.090000	531.000000	196.490000
490.470000	531.230000	181.630000
490.590000	531.920000	166.460000
485.750000	533.130000	152.090000
478.200000	534.330000	139.010000
471.860000	538.130000	126.210000
472.000000	544.450000	112.430000
461.750000	605.050000	455.470000
469.670000	594.030000	449.190000
476.460000	585.170000	438.780000
480.000000	582.890000	426.170000
484.380000	577.160000	414.090000
486.420000	577.620000	398.730000
487.260000	580.000000	383.470000
486.170000	585.260000	369.590000
487.110000	587.130000	354.670000
485.910000	591.560000	344.320000
486.860000	592.960000	330.950000
487.750000	594.250000	317.910000
489.900000	594.000000	302.590000
492.700000	592.610000	287.510000
495.860000	590.420000	272.470000
497.400000	589.750000	257.700000
500.720000	586.550000	244.000000
504.620000	581.850000	229.790000
507.290000	577.650000	215.120000
509.640000	574.480000	200.710000
511.210000	573.110000	185.380000
511.210000	574.700000	169.900000
510.290000	580.470000	155.680000
507.400000	588.070000	142.540000
500.830000	590.570000	129.610000
490.550000	593.010000	121.580000
580.730000	572.130000	447.460000
572.340000	567.840000	439.570000
563.570000	564.960000	426.860000
556.510000	563.660000	412.890000
552.030000	565.280000	397.650000
549.920000	569.380000	382.020000
548.580000	573.420000	366.280000
548.020000	576.900000	350.350000
551.300000	582.480000	338.360000
553.700000	586.400000	327.800000
548.960000	582.380000	314.210000
551.290000	585.050000	298.290000
551.570000	584.380000	282.000000
553.700000	585.000000	265.810000
554.260000	582.380000	249.800000
555.860000	580.140000	233.870000
556.090000	577.160000	217.810000
556.880000	575.760000	201.550000
556.270000	573.180000	185.430000
555.850000	572.170000	169.140000
555.410000	572.840000	152.830000
557.150000	577.380000	137.380000
559.610000	583.880000	122.610000
558.840000	589.920000	107.570000
552.010000	591.050000	93.110000
541.120000	590.920000	81.078000
