1332.900000	986.060000	638.520000
1338.060000	984.280000	613.080000
1336.280000	974.040000	589.820000
1327.920000	952.040000	578.460000
1317.660000	929.280000	570.420000
1306.200000	906.640000	564.180000
1293.860000	883.240000	564.280000
1279.500000	861.120000	565.400000
1269.560000	841.160000	576.900000
1267.040000	824.680000	596.880000
1268.160000	810.400000	618.900000
1266.020000	794.600000	639.940000
1265.200000	784.060000	663.320000
1271.080000	789.880000	687.140000
1267.180000	809.140000	704.520000
1252.720000	823.380000	720.040000
1266.300000	797.720000	706.960000
1270.200000	769.380000	693.480000
1274.100000	737.820000	692.800000
1286.900000	710.380000	699.180000
1301.940000	688.580000	716.820000
1315.820000	673.580000	741.100000
1328.440000	664.720000	768.660000
1342.520000	662.680000	797.040000
1355.000000	672.560000	824.580000
1367.540000	687.160000	849.820000
1375.940000	708.440000	872.160000
1380.460000	734.100000	890.440000
1378.760000	765.180000	895.600000
1373.980000	795.620000	888.760000
1359.480000	821.080000	876.000000
1345.200000	847.680000	874.340000
1366.820000	821.320000	861.200000
1382.480000	785.020000	863.220000
1403.320000	750.580000	871.120000
1424.640000	754.560000	902.560000
1445.860000	766.860000	934.080000
1474.280000	779.380000	958.640000
1498.100000	808.160000	972.360000
1521.100000	840.720000	975.660000
1535.940000	877.540000	977.240000
1533.620000	917.260000	972.900000
1531.440000	957.340000	969.640000
1531.000000	993.960000	954.720000
1518.260000	1010.320000	924.060000
1488.820000	1003.980000	899.720000
1449.920000	996.380000	893.440000
1423.600000	1000.320000	913.780000
1452.160000	1005.880000	910.180000
1480.120000	1002.980000	929.480000
1504.420000	998.000000	952.780000
1534.140000	1014.320000	953.420000
1555.100000	1032.160000	935.520000
1573.720000	1053.720000	916.660000
1589.620000	1074.260000	895.120000
1594.320000	1095.960000	869.280000
1589.540000	1114.360000	841.840000
1574.400000	1127.560000	814.200000
1555.000000	1142.000000	790.340000
1531.760000	1151.680000	767.580000
1502.480000	1157.420000	754.620000
1470.080000	1148.220000	755.100000
1442.420000	1131.760000	765.960000
1409.900000	1127.840000	774.120000
1431.480000	1126.000000	762.520000
1450.340000	1141.900000	753.700000
1458.400000	1154.800000	733.940000
1457.180000	1154.380000	707.680000
1456.300000	1147.480000	681.880000
1457.620000	1141.200000	655.960000
1456.640000	1132.860000	630.740000
1450.080000	1114.440000	612.900000
1440.740000	1093.220000	599.940000
1425.720000	1072.880000	592.520000
1408.780000	1052.220000	592.560000
1391.000000	1032.260000	592.540000
1371.520000	1017.420000	600.720000
1353.220000	1008.580000	617.900000
1335.580000	1001.120000	636.420000
1316.880000	997.260000	655.000000
1282.440000	865.980000	582.320000
1290.640000	869.440000	598.240000
1298.780000	873.040000	614.160000
1302.860000	878.560000	630.900000
1304.060000	885.320000	647.720000
1300.740000	893.420000	663.340000
1294.660000	902.220000	677.440000
1288.940000	910.920000	691.840000
1334.860000	681.980000	797.120000
1332.020000	703.000000	795.320000
1328.360000	723.880000	794.320000
1324.600000	744.760000	793.800000
1320.580000	765.560000	793.780000
1312.860000	785.140000	796.220000
1303.600000	803.760000	800.160000
1290.940000	820.180000	804.480000
1512.340000	848.860000	951.820000
1500.820000	857.500000	929.240000
1488.240000	866.940000	907.600000
1472.900000	878.080000	888.660000
1454.880000	890.620000	873.520000
1433.340000	904.320000	865.440000
1410.500000	918.000000	864.800000
1386.800000	929.840000	867.840000
1573.080000	1092.860000	867.320000
1552.140000	1088.180000	861.380000
1532.640000	1080.740000	853.980000
1511.840000	1075.180000	848.460000
1490.160000	1073.300000	845.840000
1468.620000	1070.860000	843.760000
1446.380000	1071.780000	844.680000
1424.700000	1074.440000	848.640000
1440.660000	1106.300000	625.200000
1433.680000	1095.540000	637.540000
1424.540000	1086.400000	649.880000
1415.420000	1077.620000	662.480000
1404.420000	1071.060000	674.700000
1392.500000	1065.740000	686.860000
1379.340000	1062.840000	698.320000
1365.840000	1063.180000	709.880000
1308.420000	976.620000	660.000000
1304.700000	955.300000	673.420000
1299.300000	933.120000	684.800000
1332.900000	1332.900000	1332.900000
1276.940000	888.840000	695.940000
1268.800000	865.440000	702.280000
1259.200000	842.100000	706.100000
1332.900000	1332.900000	1332.900000
1255.120000	813.740000	739.660000
1267.080000	816.100000	761.180000
1279.640000	818.980000	782.480000
1332.900000	1332.900000	1332.900000
1304.880000	824.580000	824.240000
1318.100000	827.960000	845.000000
1330.820000	831.600000	865.420000
1332.900000	1332.900000	1332.900000
1357.260000	866.620000	871.040000
1366.460000	887.300000	865.900000
1376.620000	908.680000	865.860000
1332.900000	1332.900000	1332.900000
1396.900000	950.160000	874.120000
1406.080000	969.860000	883.180000
1415.060000	984.960000	898.740000
1332.900000	1332.900000	1332.900000
1427.800000	1022.360000	902.900000
1426.780000	1038.520000	883.740000
1425.520000	1055.260000	864.920000
1332.900000	1332.900000	1332.900000
1422.860000	1091.440000	830.840000
1420.720000	1109.100000	812.960000
1417.860000	1125.540000	794.180000
1332.900000	1332.900000	1332.900000
1400.620000	1117.520000	753.500000
1389.120000	1099.120000	739.160000
1376.760000	1082.480000	723.480000
1332.900000	1332.900000	1332.900000
1353.060000	1047.680000	693.660000
1340.100000	1032.420000	677.100000
1326.940000	1018.060000	660.180000
1332.900000	1332.900000	1332.900000
1258.880000	923.600000	723.580000
1222.540000	938.900000	745.860000
1183.460000	957.520000	759.500000
1144.080000	979.160000	765.800000
1106.360000	1002.860000	759.220000
1074.240000	1024.840000	736.560000
1050.000000	1041.460000	701.980000
1027.800000	1058.400000	666.020000
1005.480000	1080.020000	632.760000
987.700000	1101.780000	597.120000
976.360000	1122.160000	558.000000
972.160000	1139.920000	516.380000
976.020000	1152.520000	473.640000
986.760000	1160.680000	430.320000
1000.620000	1168.660000	387.900000
1018.840000	1173.240000	346.640000
1038.700000	1177.920000	306.000000
1053.380000	1182.160000	263.160000
1066.640000	1186.580000	220.140000
1072.660000	1194.780000	177.596000
1075.360000	1204.380000	133.300000
1076.660000	1214.420000	88.942000
1069.360000	1227.920000	47.446000
1053.280000	1238.680000	9.630200
1016.540000	1258.180000	14.217000
1007.980000	1271.900000	55.320000
1256.720000	854.480000	820.120000
1214.760000	879.520000	834.720000
1168.520000	896.100000	847.740000
1119.300000	898.300000	858.960000
1069.400000	890.420000	865.080000
1018.660000	886.940000	865.300000
969.560000	899.920000	860.820000
926.420000	923.800000	849.260000
892.180000	953.960000	826.640000
865.500000	988.400000	800.300000
846.180000	1024.620000	770.180000
833.200000	1059.640000	735.420000
830.560000	1094.900000	698.720000
835.300000	1127.600000	659.880000
842.340000	1153.920000	617.000000
851.740000	1173.800000	570.980000
862.980000	1184.180000	522.320000
875.480000	1190.960000	473.240000
892.520000	1199.520000	425.820000
913.020000	1207.860000	379.860000
935.420000	1213.740000	334.360000
959.240000	1216.180000	289.320000
984.220000	1213.880000	244.820000
996.480000	1213.620000	195.564000
992.120000	1210.620000	145.364000
985.260000	1245.320000	116.942000
1335.020000	955.520000	881.660000
1289.020000	972.700000	914.900000
1251.020000	983.340000	959.540000
1215.140000	992.080000	1006.000000
1173.840000	1004.000000	1046.360000
1122.800000	1023.920000	1069.500000
1069.580000	1049.320000	1071.760000
1018.260000	1076.660000	1058.520000
969.760000	1103.360000	1037.580000
924.100000	1130.060000	1010.020000
881.660000	1156.360000	977.760000
843.440000	1182.020000	939.940000
814.940000	1205.060000	892.860000
795.340000	1225.080000	840.380000
783.620000	1241.980000	785.140000
780.760000	1255.340000	727.040000
783.020000	1266.460000	668.600000
793.140000	1274.080000	610.280000
807.400000	1279.920000	552.580000
826.040000	1283.680000	496.040000
849.500000	1285.060000	441.160000
876.540000	1284.640000	388.040000
907.380000	1282.360000	337.000000
939.740000	1279.700000	286.940000
968.520000	1279.720000	234.820000
983.160000	1287.340000	177.580000
1375.420000	1076.180000	866.760000
1328.400000	1088.780000	886.160000
1285.700000	1111.600000	906.280000
1249.300000	1142.920000	927.660000
1224.060000	1182.140000	952.200000
1196.840000	1222.720000	970.740000
1153.980000	1252.660000	976.280000
1114.040000	1282.600000	960.120000
1073.600000	1304.480000	934.680000
1035.400000	1318.900000	901.720000
1003.740000	1332.580000	862.240000
976.180000	1334.160000	817.560000
955.140000	1332.800000	769.660000
938.840000	1322.180000	721.020000
927.560000	1313.760000	670.260000
920.160000	1309.860000	618.420000
921.960000	1310.520000	565.960000
931.160000	1313.420000	514.320000
944.100000	1313.880000	463.240000
959.460000	1309.880000	413.140000
977.800000	1306.280000	363.960000
998.880000	1305.740000	315.640000
1021.200000	1309.440000	268.140000
1039.180000	1322.680000	220.840000
1045.380000	1349.040000	176.276000
1022.620000	1336.380000	135.084000
1331.180000	1069.840000	738.300000
1293.540000	1080.660000	761.500000
1254.500000	1094.080000	780.860000
1214.600000	1112.180000	792.320000
1175.900000	1134.760000	789.200000
1144.060000	1159.900000	769.180000
1121.540000	1185.840000	739.160000
1099.460000	1206.780000	705.600000
1068.720000	1218.380000	683.620000
1058.000000	1233.200000	648.440000
1037.620000	1242.220000	609.040000
1027.280000	1249.040000	565.380000
1025.340000	1254.040000	520.420000
1029.480000	1257.380000	475.120000
1038.780000	1259.320000	430.480000
1051.920000	1259.840000	386.740000
1067.640000	1262.020000	344.000000
1081.020000	1266.460000	300.820000
1094.000000	1272.680000	257.900000
1101.860000	1281.220000	214.080000
1101.840000	1292.600000	170.678000
1104.180000	1306.200000	127.486000
1109.780000	1322.280000	85.728000
1096.880000	1344.000000	50.216000
1056.140000	1348.860000	41.724000
1027.060000	1329.400000	69.302000
1287.300000	1009.340000	675.800000
1260.900000	1018.180000	706.500000
1229.240000	1031.680000	728.040000
1193.980000	1048.360000	738.860000
1162.000000	1066.840000	723.780000
1143.740000	1082.820000	690.700000
1134.340000	1096.360000	652.640000
1118.440000	1110.860000	617.240000
1097.640000	1126.820000	586.240000
1072.640000	1145.640000	559.200000
1050.140000	1165.180000	530.580000
1035.520000	1182.400000	496.700000
1032.440000	1194.140000	457.500000
1038.140000	1200.860000	418.220000
1050.740000	1204.220000	378.760000
1063.620000	1208.560000	339.580000
1073.860000	1214.840000	299.960000
1086.340000	1219.700000	260.900000
1091.180000	1228.920000	220.980000
1088.060000	1241.320000	182.974000
1082.980000	1254.060000	144.860000
1085.980000	1262.280000	107.394000
1086.720000	1271.160000	69.990000
1080.900000	1283.480000	31.760000
1047.640000	1298.500000	25.480000
1022.560000	1298.440000	57.138000
1223.460000	847.140000	739.860000
1196.340000	875.620000	762.380000
1160.660000	899.120000	776.760000
1119.080000	916.780000	779.560000
1076.180000	930.260000	773.320000
1034.420000	943.240000	761.900000
997.960000	961.660000	742.220000
965.740000	981.220000	717.140000
940.080000	1005.160000	689.000000
922.840000	1032.260000	657.060000
911.800000	1057.540000	621.060000
907.460000	1082.800000	583.660000
907.240000	1106.060000	544.660000
910.700000	1127.380000	504.740000
919.100000	1143.540000	463.380000
932.820000	1158.400000	422.700000
947.420000	1170.420000	381.440000
964.220000	1180.100000	340.440000
982.140000	1184.000000	299.800000
1004.420000	1182.820000	260.680000
1019.860000	1182.080000	218.520000
1025.860000	1178.660000	174.104000
1030.060000	1187.060000	130.006000
1026.720000	1199.120000	86.754000
1009.080000	1225.520000	63.462000
994.540000	1256.500000	92.142000
1301.360000	878.500000	876.120000
1254.360000	906.060000	888.440000
1204.880000	916.680000	913.320000
1155.580000	915.640000	940.960000
1104.960000	908.200000	964.940000
1050.840000	909.080000	979.220000
997.500000	925.720000	980.300000
948.740000	950.440000	967.260000
902.960000	977.480000	948.040000
864.240000	1009.080000	922.560000
833.380000	1043.760000	890.660000
810.820000	1079.220000	853.240000
799.840000	1114.040000	810.140000
790.700000	1145.720000	764.180000
788.260000	1173.520000	715.060000
791.940000	1195.920000	663.440000
801.840000	1210.560000	610.020000
814.400000	1218.460000	555.440000
829.360000	1225.740000	501.360000
848.100000	1232.880000	448.460000
871.400000	1240.200000	397.460000
896.180000	1245.000000	346.920000
924.560000	1246.200000	298.360000
953.980000	1241.680000	250.320000
976.200000	1242.440000	198.900000
982.100000	1265.640000	150.106000
1372.080000	1020.860000	905.860000
1319.300000	1037.000000	917.260000
1276.180000	1058.660000	947.120000
1244.420000	1089.400000	982.040000
1215.880000	1127.900000	1011.880000
1178.880000	1166.520000	1030.540000
1133.700000	1199.680000	1036.020000
1087.400000	1231.060000	1027.840000
1039.560000	1256.220000	1010.660000
993.100000	1274.160000	983.300000
950.220000	1289.220000	949.460000
913.880000	1300.280000	907.460000
885.240000	1308.100000	859.060000
864.680000	1312.580000	806.540000
850.500000	1315.220000	751.620000
845.480000	1314.140000	695.340000
847.780000	1313.400000	639.140000
857.600000	1315.900000	583.360000
869.020000	1319.860000	528.020000
883.540000	1319.880000	473.020000
901.020000	1315.900000	419.200000
921.960000	1311.580000	366.780000
948.500000	1307.860000	316.800000
979.500000	1306.260000	269.640000
1001.080000	1309.360000	217.340000
1004.400000	1314.960000	161.808000
1372.040000	1132.620000	791.420000
1331.560000	1131.620000	809.480000
1290.720000	1142.300000	823.880000
1252.200000	1163.160000	832.020000
1218.040000	1191.960000	833.660000
1185.880000	1221.760000	825.600000
1151.060000	1243.920000	808.460000
1121.580000	1264.660000	782.080000
1095.680000	1282.320000	750.080000
1070.940000	1294.300000	714.860000
1048.400000	1303.380000	677.380000
1024.820000	1305.380000	639.440000
1008.560000	1306.140000	597.840000
998.420000	1304.840000	554.320000
996.060000	1306.000000	509.680000
999.580000	1305.860000	465.880000
1008.400000	1304.100000	421.980000
1022.580000	1302.980000	379.600000
1040.360000	1300.560000	338.660000
1058.780000	1303.820000	298.080000
1072.620000	1311.360000	256.260000
1082.460000	1325.940000	215.080000
1082.140000	1341.000000	173.104000
1084.260000	1349.860000	129.306000
1066.520000	1351.380000	93.372000
1028.660000	1335.080000	107.158000
