1421.820000	888.020000	803.960000
1442.580000	890.780000	773.900000
1450.320000	889.960000	738.820000
1456.740000	861.800000	720.060000
1473.140000	828.800000	717.520000
1485.840000	793.940000	716.520000
1492.020000	757.740000	712.460000
1498.360000	721.440000	713.900000
1496.960000	691.540000	734.780000
1497.940000	672.640000	765.700000
1491.200000	664.080000	801.160000
1490.540000	652.380000	835.520000
1499.580000	653.660000	869.700000
1485.040000	676.600000	892.680000
1457.280000	696.460000	905.420000
1425.540000	688.040000	906.140000
1462.360000	683.940000	909.900000
1485.780000	657.860000	884.420000
1506.120000	630.740000	860.480000
1544.600000	613.460000	864.820000
1578.140000	600.020000	888.340000
1612.320000	592.600000	913.960000
1637.560000	594.620000	947.740000
1661.120000	599.420000	982.140000
1671.680000	617.020000	1019.840000
1669.640000	638.600000	1056.120000
1657.060000	665.220000	1086.720000
1634.860000	694.980000	1106.920000
1599.140000	716.000000	1116.760000
1567.100000	742.340000	1106.500000
1527.880000	757.720000	1102.640000
1491.160000	764.340000	1112.300000
1530.220000	765.900000	1093.460000
1569.400000	744.000000	1107.360000
1597.960000	720.000000	1136.200000
1621.500000	723.140000	1175.280000
1624.300000	748.800000	1215.060000
1651.780000	777.840000	1239.520000
1665.860000	819.240000	1256.260000
1663.840000	866.560000	1259.600000
1660.000000	914.200000	1257.480000
1628.140000	948.720000	1251.060000
1607.640000	986.640000	1233.260000
1597.340000	1014.920000	1197.240000
1564.200000	1017.220000	1162.640000
1536.400000	993.360000	1138.020000
1503.420000	967.740000	1115.380000
1463.060000	958.080000	1133.840000
1496.280000	979.260000	1128.820000
1526.260000	996.240000	1153.740000
1554.060000	1012.060000	1175.360000
1573.280000	1050.800000	1175.780000
1584.400000	1088.640000	1160.520000
1593.240000	1127.340000	1143.080000
1589.400000	1159.980000	1116.680000
1578.220000	1189.340000	1086.900000
1560.840000	1204.580000	1051.440000
1533.360000	1202.360000	1018.280000
1507.260000	1197.220000	983.920000
1484.480000	1184.000000	950.400000
1454.820000	1159.400000	934.240000
1437.800000	1120.440000	937.400000
1424.300000	1083.660000	955.500000
1389.880000	1065.920000	956.200000
1418.580000	1061.000000	946.700000
1436.280000	1086.660000	932.060000
1438.860000	1115.160000	913.400000
1436.220000	1115.600000	879.320000
1438.300000	1116.560000	844.520000
1445.260000	1112.180000	810.820000
1452.460000	1099.040000	780.300000
1458.840000	1074.980000	756.100000
1463.920000	1046.000000	737.660000
1467.480000	1013.640000	725.680000
1466.180000	978.840000	723.180000
1460.340000	944.520000	723.520000
1452.520000	916.060000	740.920000
1437.520000	906.140000	770.040000
1420.920000	893.520000	795.940000
1389.260000	888.540000	801.500000
1488.120000	731.140000	732.000000
1484.180000	742.980000	751.600000
1479.560000	754.640000	771.220000
1473.660000	765.940000	790.060000
1464.940000	776.480000	809.040000
1452.920000	784.380000	827.040000
1437.740000	789.540000	844.080000
1421.300000	795.240000	859.620000
1633.220000	602.100000	986.820000
1607.160000	615.420000	989.900000
1583.640000	631.260000	992.040000
1559.860000	648.280000	994.240000
1538.220000	668.300000	994.920000
1515.880000	687.360000	996.500000
1491.040000	702.440000	1001.620000
1465.080000	714.360000	1008.720000
1648.780000	869.140000	1230.940000
1636.780000	871.140000	1200.360000
1620.320000	872.440000	1171.900000
1600.200000	872.760000	1145.980000
1576.820000	872.360000	1122.720000
1548.940000	871.640000	1105.820000
1516.800000	868.360000	1101.880000
1487.480000	864.340000	1095.360000
1559.100000	1170.120000	1081.760000
1542.720000	1146.980000	1074.460000
1529.620000	1122.740000	1064.680000
1512.280000	1101.020000	1058.460000
1497.120000	1077.680000	1050.140000
1477.840000	1056.320000	1044.760000
1455.720000	1037.380000	1042.140000
1431.180000	1021.680000	1042.640000
1452.140000	1060.840000	770.420000
1450.600000	1044.900000	785.740000
1448.340000	1029.260000	801.400000
1439.680000	1016.900000	816.700000
1436.080000	1002.820000	832.580000
1426.840000	991.480000	849.100000
1415.440000	981.900000	865.600000
1402.200000	972.260000	880.580000
1395.860000	862.580000	809.980000
1407.660000	845.240000	831.060000
1415.460000	820.840000	845.560000
1421.820000	1421.820000	1421.820000
1423.240000	767.440000	869.920000
1427.020000	741.200000	883.500000
1428.060000	715.360000	896.900000
1421.820000	1421.820000	1421.820000
1435.360000	684.920000	930.160000
1446.880000	691.860000	956.860000
1456.360000	701.500000	983.360000
1421.820000	1421.820000	1421.820000
1473.020000	724.560000	1035.600000
1480.000000	735.660000	1061.920000
1487.220000	749.960000	1087.040000
1421.820000	1421.820000	1421.820000
1491.740000	788.580000	1109.860000
1490.940000	812.300000	1102.100000
1489.700000	838.180000	1096.940000
1421.820000	1421.820000	1421.820000
1481.860000	889.540000	1102.520000
1476.600000	913.880000	1112.000000
1471.220000	935.900000	1123.680000
1421.820000	1421.820000	1421.820000
1456.980000	975.580000	1113.300000
1448.080000	992.260000	1090.360000
1440.000000	1007.260000	1066.040000
1421.820000	1421.820000	1421.820000
1420.740000	1036.960000	1020.100000
1410.220000	1050.720000	997.860000
1399.240000	1068.580000	980.300000
1421.820000	1421.820000	1421.820000
1394.420000	1043.580000	936.940000
1398.060000	1020.580000	917.200000
1399.120000	996.880000	897.920000
1421.820000	1421.820000	1421.820000
1401.140000	950.280000	861.260000
1397.620000	930.260000	841.500000
1394.040000	907.780000	822.180000
1421.820000	1421.820000	1421.820000
1379.340000	801.540000	893.040000
1331.160000	802.700000	918.740000
1279.120000	795.800000	933.660000
1226.620000	782.860000	940.600000
1177.200000	762.700000	929.940000
1134.340000	750.220000	901.420000
1096.200000	742.680000	863.880000
1064.980000	740.080000	819.060000
1034.440000	744.460000	773.860000
1005.420000	755.020000	729.340000
981.560000	769.820000	682.780000
966.660000	786.420000	632.760000
966.780000	799.860000	579.720000
975.040000	814.840000	528.040000
987.280000	826.540000	476.680000
1006.820000	834.400000	426.220000
1029.760000	840.560000	376.820000
1049.480000	846.660000	326.000000
1069.880000	850.640000	275.600000
1082.040000	855.040000	224.320000
1094.740000	859.420000	172.090000
1112.620000	863.440000	120.578000
1118.060000	868.620000	70.594000
1101.340000	879.880000	20.536000
1052.520000	882.580000	5.552400
1010.720000	885.920000	37.808000
1407.620000	726.740000	1024.400000
1349.080000	721.040000	1041.160000
1292.180000	703.940000	1054.720000
1239.820000	674.080000	1065.340000
1193.820000	636.060000	1072.700000
1145.440000	600.620000	1071.400000
1090.860000	577.620000	1057.000000
1037.120000	561.740000	1032.060000
987.820000	552.120000	997.340000
945.880000	558.700000	953.300000
911.660000	573.000000	905.100000
886.020000	600.880000	857.480000
865.980000	633.040000	811.460000
852.440000	667.660000	762.740000
842.160000	703.440000	714.000000
835.540000	733.060000	660.700000
835.760000	754.400000	603.380000
843.000000	771.460000	545.040000
856.480000	786.580000	487.280000
876.660000	801.180000	431.320000
906.020000	814.140000	379.100000
937.340000	823.480000	327.380000
967.080000	823.380000	273.860000
993.240000	812.320000	219.640000
1002.440000	809.860000	160.070000
992.600000	849.360000	117.836000
1417.840000	853.860000	1093.440000
1354.440000	842.200000	1121.920000
1308.820000	828.220000	1173.120000
1269.180000	813.880000	1229.980000
1213.260000	801.320000	1268.760000
1145.320000	788.440000	1283.340000
1076.220000	779.000000	1272.440000
1008.380000	771.880000	1253.480000
944.180000	766.760000	1224.340000
884.020000	763.300000	1187.800000
832.640000	762.680000	1139.160000
789.720000	764.320000	1083.000000
755.780000	768.160000	1021.080000
729.140000	773.500000	956.060000
711.220000	780.360000	887.940000
703.860000	788.920000	817.980000
705.120000	799.160000	747.980000
712.140000	809.640000	680.440000
727.120000	821.180000	612.360000
744.760000	832.160000	544.580000
767.860000	843.080000	478.780000
797.820000	853.900000	415.480000
832.800000	865.200000	354.900000
872.220000	876.980000	297.160000
910.040000	889.720000	238.620000
935.780000	901.740000	173.744000
1375.980000	995.580000	1055.420000
1316.340000	990.340000	1074.800000
1256.040000	998.400000	1091.440000
1200.300000	1021.920000	1108.900000
1144.640000	1048.740000	1122.000000
1085.340000	1068.820000	1126.300000
1024.680000	1079.640000	1115.480000
966.280000	1083.820000	1092.560000
913.200000	1083.500000	1058.580000
870.600000	1072.920000	1013.320000
840.380000	1053.900000	961.660000
827.400000	1019.480000	910.640000
809.000000	997.260000	855.000000
795.340000	981.180000	795.720000
792.960000	960.120000	736.280000
793.540000	945.640000	675.000000
797.740000	937.920000	613.740000
808.760000	932.460000	551.860000
827.060000	929.900000	491.600000
852.680000	930.540000	433.900000
885.060000	931.340000	380.500000
916.900000	942.620000	327.220000
942.940000	964.740000	274.320000
960.100000	997.860000	223.680000
975.420000	1025.280000	170.292000
969.860000	983.140000	132.514000
1363.220000	958.820000	915.740000
1316.700000	948.860000	941.120000
1266.160000	941.060000	958.700000
1212.320000	938.540000	961.780000
1160.520000	942.560000	948.520000
1116.500000	946.760000	917.700000
1079.840000	950.340000	877.880000
1049.480000	952.980000	832.960000
1017.900000	949.500000	788.980000
987.200000	942.680000	744.900000
964.900000	937.820000	696.480000
952.260000	934.900000	644.600000
961.940000	935.520000	593.460000
961.040000	931.800000	541.120000
976.000000	934.400000	489.160000
995.280000	941.120000	439.060000
1013.080000	948.240000	388.600000
1034.280000	957.480000	340.440000
1052.440000	967.840000	291.480000
1063.400000	979.980000	240.660000
1077.680000	994.100000	190.272000
1093.660000	1012.500000	141.850000
1098.820000	1029.400000	93.188000
1074.680000	1037.220000	47.274000
1027.960000	1018.600000	38.416000
994.020000	986.180000	64.416000
1363.960000	879.020000	839.380000
1331.340000	871.960000	878.060000
1286.600000	866.580000	900.960000
1236.300000	860.560000	900.940000
1193.200000	858.360000	876.100000
1168.340000	860.320000	831.340000
1147.960000	864.400000	783.760000
1114.140000	863.620000	744.320000
1073.080000	861.640000	712.580000
1032.360000	859.400000	681.180000
1006.980000	861.780000	637.000000
998.540000	865.320000	593.100000
986.200000	868.440000	553.320000
1003.960000	877.160000	505.720000
1009.420000	883.240000	459.380000
1024.860000	890.020000	410.500000
1046.100000	895.660000	368.200000
1053.940000	902.140000	319.740000
1063.980000	909.260000	282.980000
1078.260000	918.700000	236.220000
1079.660000	926.280000	188.484000
1087.840000	934.600000	145.028000
1096.880000	945.020000	95.086000
1089.440000	950.340000	44.778000
1047.300000	947.220000	26.682000
1004.620000	939.400000	54.234000
1389.500000	710.420000	941.360000
1343.360000	710.600000	962.580000
1294.620000	702.720000	975.880000
1246.140000	676.200000	975.100000
1202.000000	643.420000	966.780000
1156.700000	617.840000	947.760000
1111.280000	604.840000	920.300000
1066.760000	606.100000	887.660000
1027.880000	617.940000	850.080000
995.700000	636.740000	808.960000
969.640000	653.680000	762.880000
947.360000	673.840000	716.780000
931.300000	695.280000	668.760000
918.920000	717.920000	619.460000
911.160000	743.100000	570.480000
910.740000	763.400000	518.960000
919.440000	780.820000	467.740000
939.420000	793.620000	417.780000
967.300000	800.600000	374.940000
996.220000	804.940000	327.700000
1022.700000	805.980000	278.800000
1046.360000	804.900000	228.680000
1060.560000	808.280000	175.840000
1071.660000	814.500000	121.852000
1062.920000	830.880000	71.250000
1019.020000	858.760000	74.390000
1429.860000	785.260000	1092.620000
1364.640000	780.400000	1108.000000
1310.280000	754.020000	1140.040000
1260.160000	718.800000	1171.440000
1212.360000	681.080000	1200.560000
1150.380000	654.920000	1213.000000
1085.320000	641.220000	1202.620000
1021.320000	631.800000	1179.640000
961.300000	626.340000	1147.060000
907.040000	626.300000	1104.780000
863.600000	628.160000	1063.740000
822.160000	635.920000	1009.400000
790.360000	649.800000	949.920000
765.500000	668.160000	888.540000
751.500000	692.520000	825.800000
749.080000	719.060000	762.400000
751.800000	743.380000	698.080000
759.960000	764.980000	633.580000
772.600000	781.420000	568.020000
791.580000	795.240000	503.300000
816.700000	806.840000	440.440000
848.060000	817.580000	380.400000
884.680000	832.060000	323.940000
923.000000	843.880000	267.980000
959.580000	841.580000	210.380000
967.500000	860.900000	149.144000
1405.420000	935.140000	1106.280000
1340.600000	923.740000	1124.740000
1283.040000	930.560000	1162.380000
1232.020000	948.580000	1205.720000
1178.080000	964.240000	1245.380000
1112.180000	969.480000	1257.600000
1043.180000	971.820000	1251.380000
978.840000	969.280000	1226.020000
920.100000	964.460000	1189.860000
864.620000	957.680000	1148.960000
822.060000	948.260000	1096.160000
779.060000	937.320000	1044.120000
749.080000	924.620000	983.020000
725.560000	910.860000	919.260000
712.400000	898.800000	852.440000
714.220000	889.060000	783.800000
719.520000	881.540000	715.280000
728.440000	877.460000	646.640000
741.860000	877.600000	578.740000
761.500000	881.420000	512.860000
786.540000	889.940000	450.000000
819.240000	900.900000	390.140000
858.320000	905.360000	333.440000
895.840000	919.560000	281.140000
930.180000	945.060000	227.300000
950.500000	950.020000	165.738000
1355.520000	1030.520000	980.220000
1307.420000	1014.060000	1001.900000
1254.940000	1019.800000	1012.160000
1201.800000	1036.240000	1013.800000
1152.920000	1062.400000	1007.400000
1104.100000	1080.860000	987.740000
1054.840000	1084.640000	962.140000
1010.560000	1078.740000	928.980000
974.760000	1064.120000	889.320000
948.000000	1046.300000	843.600000
926.300000	1030.140000	794.680000
907.160000	1018.780000	743.540000
895.180000	1004.960000	690.880000
890.140000	991.580000	636.820000
892.280000	980.600000	582.640000
899.000000	977.860000	533.700000
914.720000	967.800000	488.700000
936.380000	967.940000	437.200000
957.780000	971.600000	386.980000
972.300000	979.800000	349.420000
990.880000	997.840000	300.000000
1008.480000	1020.320000	253.100000
1024.400000	1036.940000	202.100000
1035.820000	1050.660000	149.152000
1019.180000	1037.260000	104.108000
987.900000	991.780000	106.050000
