677.080000	975.160000	1838.220000
652.640000	1017.040000	1801.500000
642.000000	1058.860000	1763.420000
648.760000	1117.620000	1775.480000
669.880000	1173.820000	1777.740000
703.960000	1221.960000	1790.640000
738.880000	1264.840000	1809.460000
780.220000	1294.860000	1835.980000
803.540000	1303.660000	1889.520000
824.060000	1287.080000	1945.260000
842.920000	1287.760000	2003.200000
842.100000	1276.120000	2062.000000
828.120000	1221.520000	2075.800000
829.100000	1164.800000	2054.400000
856.540000	1111.360000	2041.200000
903.480000	1124.040000	2013.400000
863.340000	1126.440000	2049.600000
855.520000	1192.760000	2058.200000
850.280000	1260.880000	2065.200000
851.320000	1316.520000	2102.000000
825.220000	1342.340000	2158.200000
800.460000	1361.020000	2217.600000
777.300000	1358.360000	2281.200000
758.040000	1340.640000	2344.200000
740.720000	1299.940000	2395.400000
742.460000	1234.460000	2416.200000
742.980000	1167.420000	2429.200000
750.900000	1102.060000	2422.400000
766.560000	1047.460000	2384.200000
779.860000	994.560000	2344.600000
804.620000	945.180000	2304.400000
847.360000	917.260000	2309.800000
791.200000	942.020000	2296.200000
763.320000	989.840000	2346.600000
755.860000	1026.320000	2410.800000
749.880000	1035.680000	2477.200000
732.440000	975.540000	2510.600000
692.960000	932.420000	2554.800000
652.480000	877.360000	2580.400000
617.760000	811.220000	2587.200000
578.780000	753.920000	2561.000000
557.180000	709.840000	2507.400000
548.460000	681.200000	2439.800000
532.920000	657.180000	2372.400000
530.780000	665.320000	2313.400000
573.560000	701.520000	2265.600000
641.300000	709.220000	2235.000000
692.180000	676.960000	2237.600000
637.260000	691.740000	2242.600000
584.220000	677.460000	2279.800000
527.140000	661.780000	2309.400000
462.740000	664.960000	2323.800000
398.420000	675.480000	2310.800000
341.360000	680.000000	2278.800000
311.120000	688.740000	2220.000000
288.060000	678.340000	2161.000000
283.300000	675.160000	2096.400000
319.100000	671.800000	2039.800000
344.440000	675.140000	1977.680000
373.920000	671.260000	1918.320000
429.620000	682.240000	1883.940000
491.540000	684.880000	1900.600000
549.880000	689.380000	1933.820000
586.840000	687.900000	1896.400000
561.000000	695.880000	1950.020000
498.720000	699.500000	1955.840000
436.880000	702.780000	1946.460000
400.720000	721.380000	1901.380000
414.040000	761.840000	1857.320000
412.760000	795.420000	1804.860000
405.760000	838.560000	1763.280000
431.040000	889.340000	1747.680000
468.600000	938.320000	1757.900000
518.620000	972.760000	1770.260000
567.620000	1012.700000	1771.440000
615.180000	1052.040000	1780.960000
646.100000	1066.780000	1826.500000
677.540000	1029.140000	1862.920000
697.660000	975.160000	1872.060000
717.760000	951.860000	1816.280000
776.080000	1255.700000	1845.840000
759.900000	1221.900000	1866.840000
748.620000	1185.300000	1886.360000
744.280000	1146.280000	1903.980000
747.340000	1107.460000	1921.080000
766.280000	1077.180000	1914.900000
771.320000	1062.740000	1933.620000
795.820000	1030.480000	1931.140000
789.600000	1313.340000	2327.600000
792.880000	1270.160000	2304.600000
785.700000	1225.640000	2282.800000
795.740000	1183.480000	2259.400000
812.640000	1144.080000	2236.200000
832.120000	1107.320000	2214.200000
846.260000	1067.480000	2189.800000
874.900000	1032.820000	2167.000000
613.720000	824.160000	2537.400000
611.740000	835.420000	2484.800000
616.040000	843.740000	2431.400000
626.620000	849.180000	2378.800000
648.180000	848.920000	2329.400000
678.100000	844.440000	2284.600000
719.920000	830.820000	2253.800000
764.420000	811.320000	2233.600000
318.860000	660.760000	2149.400000
359.900000	661.180000	2135.600000
401.400000	663.840000	2123.000000
443.240000	665.840000	2111.200000
485.420000	667.200000	2100.800000
527.740000	670.260000	2091.400000
570.320000	671.040000	2083.200000
611.480000	664.280000	2074.800000
459.180000	875.580000	1765.840000
481.600000	878.480000	1797.840000
503.400000	881.300000	1830.260000
530.680000	878.700000	1858.040000
563.080000	871.160000	1878.480000
598.000000	859.400000	1890.660000
633.100000	842.360000	1891.580000
666.460000	823.700000	1894.960000
736.640000	975.080000	1837.740000
749.340000	984.900000	1876.300000
771.380000	1006.780000	1904.840000
677.080000	677.080000	677.080000
823.380000	1056.200000	1952.660000
847.120000	1076.180000	1983.860000
877.960000	1103.020000	1988.260000
677.080000	677.080000	677.080000
904.360000	1114.680000	2054.200000
899.200000	1091.820000	2096.000000
888.300000	1063.580000	2133.000000
677.080000	677.080000	677.080000
868.160000	1005.400000	2205.200000
864.560000	979.140000	2245.200000
854.840000	948.760000	2277.600000
677.080000	677.080000	677.080000
826.460000	889.900000	2293.800000
805.760000	864.460000	2273.600000
784.240000	835.720000	2257.200000
677.080000	677.080000	677.080000
744.940000	777.980000	2235.600000
726.760000	746.100000	2228.400000
709.100000	711.680000	2232.200000
677.080000	677.080000	677.080000
667.620000	669.760000	2202.800000
643.520000	660.940000	2158.400000
623.740000	648.200000	2122.000000
677.080000	677.080000	677.080000
596.420000	660.920000	2025.200000
584.760000	657.180000	1974.940000
581.280000	658.240000	1931.200000
677.080000	677.080000	677.080000
608.660000	724.440000	1892.160000
626.120000	750.560000	1906.420000
647.140000	786.740000	1898.300000
677.080000	677.080000	677.080000
682.220000	859.060000	1880.820000
694.200000	890.320000	1862.040000
704.300000	917.440000	1832.600000
677.080000	677.080000	677.080000
872.060000	972.080000	1937.440000
949.400000	922.140000	1932.440000
1034.460000	879.220000	1917.660000
1119.320000	846.800000	1888.280000
1186.480000	835.900000	1821.760000
1225.520000	856.280000	1736.040000
1256.620000	873.260000	1646.000000
1273.660000	892.820000	1553.540000
1296.660000	894.880000	1460.340000
1301.120000	901.400000	1363.980000
1292.000000	910.580000	1284.680000
1269.460000	924.920000	1192.280000
1238.220000	950.300000	1104.140000
1202.260000	991.020000	1028.420000
1171.320000	1029.840000	961.960000
1140.640000	1071.160000	884.660000
1108.800000	1121.180000	808.040000
1079.180000	1175.020000	733.400000
1053.520000	1229.580000	661.040000
1031.900000	1283.780000	589.180000
1018.460000	1321.300000	503.700000
1002.260000	1380.360000	428.820000
991.740000	1431.020000	347.100000
1000.480000	1445.720000	253.420000
1045.120000	1394.280000	193.562000
1094.000000	1312.800000	190.530000
958.880000	977.000000	2141.000000
1052.060000	939.220000	2121.000000
1156.300000	925.460000	2112.200000
1260.940000	924.680000	2109.400000
1365.980000	926.880000	2102.400000
1466.000000	914.600000	2072.800000
1553.540000	895.820000	2017.600000
1626.260000	883.900000	1942.440000
1674.200000	878.540000	1849.100000
1700.640000	880.420000	1747.220000
1707.180000	880.120000	1641.840000
1689.120000	871.160000	1538.100000
1645.900000	852.520000	1443.740000
1612.300000	849.380000	1345.060000
1579.660000	866.920000	1246.840000
1533.200000	885.180000	1154.080000
1479.400000	906.500000	1065.600000
1421.620000	932.920000	981.300000
1361.380000	965.520000	900.740000
1300.060000	1004.500000	823.860000
1242.260000	1052.420000	749.460000
1197.320000	1114.400000	677.000000
1175.440000	1184.660000	601.620000
1182.060000	1256.560000	524.660000
1197.120000	1299.100000	431.780000
1180.080000	1249.980000	349.960000
862.540000	767.520000	2190.800000
959.420000	715.900000	2217.800000
1055.740000	667.040000	2262.200000
1159.800000	617.400000	2277.000000
1265.980000	568.260000	2271.600000
1366.880000	524.040000	2234.000000
1465.560000	483.160000	2186.400000
1553.740000	451.200000	2118.400000
1616.740000	437.360000	2021.400000
1672.180000	428.660000	1918.900000
1695.980000	438.560000	1804.560000
1716.140000	451.020000	1690.320000
1724.180000	470.620000	1575.320000
1720.940000	496.280000	1462.180000
1697.900000	531.980000	1353.280000
1668.400000	569.060000	1252.700000
1628.360000	611.540000	1151.040000
1581.340000	657.780000	1054.460000
1530.560000	706.260000	960.460000
1472.760000	757.760000	872.400000
1413.220000	810.740000	786.280000
1348.440000	866.380000	705.980000
1281.140000	924.660000	629.720000
1215.160000	982.580000	552.040000
1159.260000	1039.220000	466.800000
1140.360000	1088.020000	362.740000
707.700000	621.720000	2054.200000
797.120000	563.320000	2036.600000
871.820000	485.700000	2024.200000
936.180000	397.900000	2014.800000
993.140000	306.200000	1999.520000
1062.020000	234.660000	1956.140000
1131.100000	192.916000	1887.220000
1191.300000	176.756000	1797.700000
1235.620000	174.488000	1698.400000
1268.080000	187.348000	1598.340000
1293.680000	212.340000	1495.300000
1312.200000	260.840000	1399.940000
1321.800000	330.100000	1317.240000
1328.380000	407.080000	1240.500000
1328.100000	481.440000	1160.740000
1314.120000	545.860000	1073.860000
1285.360000	598.100000	982.740000
1253.040000	651.420000	898.480000
1212.980000	704.660000	815.700000
1164.900000	768.160000	741.480000
1110.440000	827.460000	667.360000
1056.700000	888.420000	594.100000
1001.380000	947.660000	520.620000
949.040000	968.300000	430.000000
951.500000	987.340000	325.900000
1014.620000	1059.940000	277.760000
739.640000	762.340000	1891.100000
812.880000	705.380000	1876.240000
881.100000	651.360000	1839.120000
944.440000	602.020000	1788.540000
987.580000	568.240000	1711.000000
1013.180000	559.300000	1619.580000
1034.680000	563.440000	1526.480000
1058.040000	575.020000	1434.280000
1082.740000	595.060000	1343.940000
1096.400000	628.100000	1260.320000
1116.360000	658.700000	1192.400000
1110.780000	709.560000	1112.240000
1097.920000	762.580000	1033.720000
1057.520000	813.180000	964.340000
1039.800000	861.540000	886.620000
1002.840000	911.120000	813.380000
964.660000	958.640000	742.560000
922.080000	1006.260000	671.180000
883.300000	1051.420000	598.680000
862.520000	1094.640000	516.040000
843.140000	1136.620000	432.120000
809.300000	1175.920000	357.180000
787.200000	1214.100000	272.480000
802.640000	1229.980000	182.032000
871.700000	1208.520000	126.102000
952.200000	1163.180000	136.586000
780.380000	895.940000	1843.560000
848.800000	842.780000	1854.440000
921.560000	794.740000	1845.960000
990.200000	762.300000	1803.420000
1035.080000	758.340000	1728.560000
1042.060000	781.120000	1646.360000
1039.460000	808.040000	1563.420000
1054.800000	824.580000	1478.060000
1082.480000	831.000000	1394.480000
1108.340000	838.920000	1310.440000
1119.060000	859.120000	1228.860000
1123.460000	880.060000	1145.620000
1117.540000	911.600000	1063.540000
1101.580000	949.620000	985.480000
1074.580000	992.660000	913.320000
1044.460000	1036.580000	842.840000
1011.820000	1081.180000	774.740000
988.120000	1122.060000	700.840000
962.020000	1164.660000	628.180000
943.760000	1203.480000	551.100000
927.660000	1241.080000	472.900000
915.200000	1275.540000	393.360000
897.220000	1313.640000	315.860000
902.420000	1335.400000	231.600000
956.140000	1305.660000	181.478000
1023.660000	1249.420000	188.252000
962.920000	1053.320000	2021.400000
1040.980000	1004.920000	2013.800000
1126.040000	979.020000	1991.080000
1211.720000	973.720000	1955.420000
1290.520000	978.140000	1914.420000
1357.440000	982.480000	1850.960000
1400.800000	986.540000	1789.020000
1437.580000	993.700000	1703.840000
1455.960000	997.800000	1612.660000
1457.560000	1000.660000	1519.580000
1449.580000	1001.780000	1426.740000
1435.620000	1003.580000	1334.380000
1414.480000	994.200000	1244.300000
1388.700000	992.000000	1154.620000
1357.280000	990.860000	1067.740000
1320.660000	1007.480000	984.580000
1280.600000	1042.200000	907.640000
1235.900000	1081.680000	836.240000
1193.440000	1134.040000	772.880000
1159.200000	1186.820000	704.800000
1131.220000	1241.760000	635.060000
1110.200000	1296.260000	563.340000
1098.980000	1344.460000	489.820000
1103.180000	1388.540000	408.720000
1123.820000	1386.860000	321.760000
1133.940000	1306.780000	278.400000
918.360000	875.400000	2237.800000
1019.420000	832.320000	2216.000000
1126.960000	799.200000	2226.000000
1236.580000	776.440000	2238.200000
1346.620000	754.920000	2227.400000
1455.140000	735.240000	2207.200000
1547.780000	713.640000	2146.800000
1630.760000	695.400000	2071.400000
1695.900000	679.860000	1979.620000
1740.860000	669.280000	1875.700000
1770.320000	665.580000	1766.800000
1772.180000	668.160000	1654.060000
1764.340000	678.380000	1541.780000
1742.600000	695.180000	1431.900000
1705.160000	716.440000	1326.840000
1671.780000	748.840000	1225.340000
1615.680000	776.720000	1134.500000
1562.420000	813.160000	1040.700000
1503.160000	851.060000	951.340000
1434.520000	886.320000	867.820000
1366.140000	927.540000	786.580000
1301.040000	977.480000	707.680000
1242.260000	1038.160000	631.360000
1196.760000	1111.920000	557.940000
1187.000000	1171.400000	463.360000
1213.960000	1152.280000	361.020000
786.780000	672.720000	2173.600000
888.900000	622.580000	2162.400000
973.240000	549.740000	2175.600000
1056.300000	469.580000	2180.600000
1139.980000	392.300000	2169.000000
1228.040000	333.560000	2131.000000
1316.800000	294.340000	2069.200000
1398.080000	271.520000	1990.500000
1469.400000	256.580000	1900.620000
1518.320000	269.100000	1797.440000
1551.980000	289.940000	1689.520000
1574.660000	311.020000	1578.040000
1582.760000	337.860000	1466.200000
1572.360000	383.660000	1360.640000
1549.160000	449.320000	1268.760000
1518.440000	511.840000	1176.520000
1481.360000	570.180000	1083.600000
1442.860000	619.260000	986.040000
1398.980000	668.320000	890.720000
1349.180000	717.040000	798.320000
1290.840000	769.260000	712.940000
1224.820000	825.760000	636.380000
1153.520000	886.000000	568.060000
1081.220000	950.840000	505.220000
1048.140000	1004.540000	410.540000
1068.760000	1061.340000	317.180000
669.180000	646.380000	1912.380000
749.060000	597.820000	1904.720000
813.020000	538.360000	1873.960000
854.800000	477.300000	1820.980000
905.580000	427.180000	1760.140000
948.880000	392.100000	1687.340000
991.740000	374.640000	1606.380000
1025.480000	374.420000	1519.280000
1052.260000	388.920000	1431.080000
1079.780000	418.660000	1345.780000
1101.840000	456.260000	1267.160000
1121.560000	503.320000	1189.400000
1132.220000	549.620000	1109.340000
1133.260000	607.420000	1037.360000
1117.120000	653.900000	967.060000
1107.960000	715.700000	903.260000
1079.360000	768.340000	831.280000
1041.000000	815.940000	760.940000
1003.240000	865.960000	692.860000
959.020000	913.940000	624.660000
913.840000	955.320000	554.060000
874.220000	985.660000	474.700000
849.960000	1021.840000	391.280000
838.760000	1056.720000	304.180000
878.120000	1079.080000	227.200000
969.220000	1098.480000	222.300000
