425.120000	646.930000	418.270000
413.280000	653.630000	428.630000
402.570000	665.590000	431.450000
391.550000	678.680000	429.740000
386.930000	694.030000	427.120000
390.780000	709.980000	425.170000
400.010000	724.500000	424.640000
411.420000	737.210000	424.710000
424.730000	747.700000	422.520000
439.940000	754.380000	420.770000
456.230000	752.310000	419.010000
472.070000	746.800000	415.160000
485.230000	737.340000	409.380000
496.000000	726.240000	401.880000
505.890000	715.300000	393.090000
511.590000	703.320000	382.130000
516.920000	720.500000	392.560000
525.560000	737.620000	400.490000
540.620000	749.640000	408.400000
555.960000	761.420000	416.220000
572.820000	771.170000	423.150000
591.690000	775.280000	428.640000
612.070000	770.470000	430.510000
629.790000	759.350000	430.700000
645.410000	746.320000	434.980000
655.820000	728.950000	435.130000
660.120000	708.870000	431.620000
661.660000	688.630000	427.960000
655.760000	669.190000	424.430000
644.470000	652.640000	419.330000
628.470000	643.660000	409.870000
610.990000	635.260000	402.180000
624.040000	638.920000	420.100000
634.540000	640.360000	439.550000
645.380000	636.470000	458.080000
647.190000	624.240000	476.330000
660.890000	609.370000	481.980000
672.190000	596.450000	489.740000
667.360000	576.560000	498.410000
662.820000	554.660000	499.860000
650.890000	536.760000	499.830000
637.590000	520.230000	493.390000
621.780000	513.450000	479.590000
602.470000	511.900000	469.570000
585.570000	506.390000	458.710000
579.780000	511.070000	437.940000
572.370000	521.410000	419.540000
565.450000	532.730000	401.480000
571.360000	518.500000	414.920000
577.050000	505.230000	429.350000
575.540000	488.400000	440.340000
567.490000	473.130000	451.320000
554.880000	460.750000	461.090000
539.890000	453.430000	472.980000
522.190000	446.300000	478.850000
502.070000	448.480000	481.210000
482.810000	453.960000	477.050000
466.540000	463.990000	471.440000
453.290000	477.260000	463.230000
442.700000	490.670000	452.270000
435.460000	506.630000	441.710000
431.840000	523.310000	430.710000
435.560000	536.990000	416.040000
441.010000	546.530000	398.720000
433.290000	543.060000	413.660000
420.460000	543.770000	424.430000
405.190000	544.670000	431.400000
388.620000	547.000000	434.970000
372.260000	551.160000	433.070000
361.710000	561.280000	429.240000
359.650000	578.010000	426.640000
357.290000	594.990000	425.790000
353.400000	611.460000	424.830000
354.920000	628.280000	426.100000
361.810000	643.880000	425.460000
375.390000	654.210000	424.260000
390.670000	660.500000	422.870000
406.560000	660.610000	416.460000
422.010000	657.350000	410.640000
429.750000	652.000000	403.790000
415.760000	731.010000	418.850000
422.850000	724.420000	416.570000
430.060000	718.140000	414.760000
437.410000	711.740000	413.450000
444.600000	705.190000	412.070000
451.460000	698.580000	409.080000
458.100000	692.120000	406.070000
464.120000	685.910000	401.160000
622.920000	748.890000	426.010000
614.850000	737.280000	424.170000
606.760000	725.820000	421.200000
598.610000	714.600000	417.030000
590.650000	704.040000	411.580000
582.610000	693.540000	407.080000
574.770000	684.050000	399.650000
567.680000	676.410000	389.630000
662.130000	555.480000	485.510000
653.500000	558.280000	472.320000
644.050000	561.760000	460.110000
634.770000	565.410000	447.870000
625.220000	569.330000	435.660000
615.360000	573.320000	423.710000
606.200000	576.400000	411.340000
597.890000	579.180000	398.120000
501.420000	454.280000	468.710000
501.770000	463.410000	458.180000
502.360000	474.550000	450.020000
503.010000	487.030000	443.800000
503.230000	498.470000	435.720000
502.990000	508.110000	425.900000
502.560000	517.800000	415.990000
501.920000	525.870000	404.640000
363.920000	594.240000	419.210000
372.720000	594.510000	417.120000
382.160000	595.130000	417.130000
391.440000	595.920000	418.120000
400.690000	596.550000	417.260000
409.580000	597.030000	414.480000
418.210000	597.540000	411.030000
426.550000	597.860000	407.160000
439.520000	658.910000	407.260000
446.700000	670.240000	406.310000
452.430000	679.320000	401.850000
425.120000	425.120000	425.120000
475.990000	691.700000	397.820000
487.650000	696.510000	392.640000
499.630000	700.120000	387.160000
425.120000	425.120000	425.120000
526.210000	697.760000	383.070000
540.490000	691.140000	385.430000
554.770000	684.900000	386.520000
425.120000	425.120000	425.120000
579.950000	667.140000	392.670000
591.970000	657.590000	394.890000
603.500000	646.870000	396.870000
425.120000	425.120000	425.120000
608.530000	621.200000	402.190000
605.060000	607.140000	401.240000
601.860000	593.060000	399.540000
425.120000	425.120000	425.120000
590.860000	566.920000	398.680000
580.540000	557.290000	401.890000
573.720000	544.640000	401.640000
425.120000	425.120000	425.120000
550.990000	525.830000	401.250000
534.710000	525.440000	404.020000
518.360000	524.960000	404.650000
425.120000	425.120000	425.120000
486.020000	530.480000	404.910000
470.040000	534.290000	403.330000
455.090000	538.730000	400.560000
425.120000	425.120000	425.120000
436.740000	558.190000	402.530000
431.620000	570.880000	404.350000
429.050000	584.170000	407.090000
425.120000	425.120000	425.120000
426.270000	611.370000	408.210000
426.350000	625.200000	406.940000
427.620000	638.540000	405.550000
425.120000	425.120000	425.120000
473.610000	676.540000	392.100000
481.640000	668.060000	380.990000
486.600000	661.890000	367.010000
491.100000	655.840000	352.800000
493.550000	651.430000	337.460000
494.850000	647.710000	321.800000
495.560000	644.040000	306.160000
494.550000	641.900000	290.220000
492.070000	641.150000	274.260000
488.880000	640.890000	258.420000
484.970000	641.230000	242.750000
480.000000	642.850000	227.450000
474.850000	644.350000	212.210000
469.730000	645.340000	196.910000
464.770000	646.060000	181.570000
460.120000	646.830000	166.230000
455.880000	646.970000	150.770000
451.640000	647.280000	135.200000
447.500000	647.660000	119.600000
443.560000	647.980000	104.040000
439.870000	648.090000	88.354000
436.130000	649.050000	72.802000
432.750000	649.920000	57.072000
429.640000	653.980000	41.955000
430.810000	653.470000	26.522000
433.820000	649.420000	13.823000
562.070000	669.320000	377.580000
557.710000	665.140000	363.560000
553.460000	661.580000	349.680000
550.010000	659.010000	335.150000
547.190000	657.240000	320.250000
543.720000	655.180000	305.500000
541.040000	653.870000	290.590000
539.590000	653.990000	275.360000
537.730000	653.850000	260.160000
535.430000	653.850000	245.050000
532.430000	654.620000	230.070000
528.170000	654.040000	215.480000
523.880000	653.940000	200.790000
519.310000	653.850000	186.240000
513.880000	652.940000	172.000000
507.890000	651.550000	158.000000
502.080000	650.720000	144.000000
495.540000	649.090000	130.280000
488.580000	646.980000	116.810000
481.650000	645.150000	103.300000
474.740000	643.620000	89.741000
468.460000	643.880000	75.828000
463.390000	646.040000	61.661000
460.420000	650.310000	47.277000
458.570000	652.890000	32.425000
458.730000	647.390000	18.802000
588.490000	582.350000	385.990000
580.390000	585.520000	373.680000
571.620000	588.850000	361.550000
562.620000	592.130000	349.180000
555.280000	594.780000	335.620000
551.240000	596.400000	320.670000
548.990000	597.460000	305.280000
545.900000	598.690000	290.040000
544.910000	599.210000	274.420000
542.260000	600.090000	258.990000
540.240000	600.670000	243.510000
536.410000	601.760000	228.420000
532.710000	602.790000	213.230000
528.500000	604.070000	198.180000
524.610000	605.300000	183.070000
519.830000	606.230000	168.190000
515.530000	607.070000	153.290000
509.910000	608.400000	138.910000
504.450000	609.640000	124.300000
498.370000	611.000000	109.900000
493.000000	612.110000	95.217000
486.750000	613.380000	81.082000
481.250000	614.400000	66.424000
476.870000	615.140000	51.605000
474.000000	615.510000	36.535000
473.410000	615.220000	21.061000
502.970000	532.780000	390.790000
503.330000	538.860000	377.390000
503.400000	545.030000	363.260000
503.060000	550.230000	348.610000
502.360000	555.150000	334.020000
501.330000	558.150000	318.770000
499.950000	562.230000	303.820000
498.420000	563.330000	288.350000
496.710000	563.870000	272.880000
494.710000	564.820000	257.470000
492.540000	565.290000	242.040000
489.670000	566.190000	226.750000
486.650000	567.860000	211.550000
483.530000	570.460000	196.490000
480.310000	573.070000	181.500000
476.920000	575.860000	166.540000
473.570000	580.090000	151.940000
469.910000	583.990000	137.310000
466.090000	588.600000	122.910000
461.930000	593.220000	108.640000
457.420000	597.950000	94.478000
452.070000	602.080000	80.439000
446.930000	603.220000	65.812000
442.190000	602.100000	51.062000
438.860000	598.180000	36.464000
442.960000	599.120000	22.173000
439.500000	598.240000	397.770000
450.430000	598.500000	386.160000
456.120000	598.440000	371.360000
463.920000	598.940000	358.200000
470.300000	599.670000	343.780000
473.910000	600.340000	328.210000
475.910000	601.130000	312.410000
474.660000	601.530000	297.130000
475.860000	603.020000	281.310000
473.340000	603.910000	265.560000
470.080000	604.930000	249.930000
466.170000	606.060000	234.450000
461.930000	607.380000	219.060000
457.330000	608.880000	203.790000
451.940000	610.290000	188.780000
447.880000	611.850000	173.410000
444.230000	613.560000	157.910000
440.710000	615.300000	142.390000
437.700000	617.290000	126.820000
434.050000	618.810000	111.330000
431.430000	620.860000	95.816000
427.590000	622.020000	80.432000
425.340000	623.830000	65.542000
420.530000	624.630000	50.405000
415.570000	624.110000	35.437000
418.770000	621.620000	21.159000
443.530000	644.840000	398.490000
456.720000	637.680000	392.030000
467.050000	632.920000	380.270000
473.870000	629.540000	365.800000
477.140000	627.550000	349.870000
479.420000	625.770000	333.870000
479.330000	625.100000	317.480000
478.380000	624.810000	301.190000
475.750000	625.320000	285.060000
472.090000	626.300000	269.080000
467.940000	627.520000	253.250000
463.090000	629.020000	237.640000
459.030000	630.070000	221.750000
454.760000	631.260000	205.940000
450.140000	632.740000	190.250000
446.000000	633.950000	174.400000
441.680000	635.340000	158.630000
437.930000	636.410000	142.690000
435.060000	636.970000	126.570000
431.620000	638.060000	110.650000
429.280000	638.620000	94.484000
425.920000	639.930000	78.790000
423.200000	640.450000	62.663000
418.300000	641.570000	47.048000
418.580000	640.480000	30.977000
425.990000	636.550000	17.114000
513.610000	689.800000	375.240000
514.790000	679.110000	364.250000
515.370000	669.610000	352.220000
515.360000	661.620000	339.110000
514.590000	656.890000	324.510000
513.200000	654.020000	309.500000
511.240000	651.830000	294.410000
508.780000	650.130000	279.300000
505.970000	649.200000	264.310000
502.750000	649.740000	249.450000
499.550000	649.940000	234.390000
495.740000	649.930000	219.560000
491.750000	649.880000	204.800000
487.540000	649.970000	189.990000
483.180000	650.180000	175.230000
478.700000	650.630000	160.620000
474.210000	650.340000	145.910000
469.600000	650.120000	131.250000
464.900000	649.740000	116.590000
460.090000	648.870000	101.990000
455.160000	647.920000	87.471000
450.810000	649.720000	72.852000
447.190000	652.770000	58.242000
445.010000	658.200000	44.021000
444.440000	660.680000	29.263000
446.210000	650.650000	18.188000
598.200000	633.350000	392.740000
584.180000	631.900000	384.300000
572.110000	630.350000	373.230000
561.190000	628.930000	361.030000
552.640000	627.550000	347.070000
545.210000	626.470000	332.620000
538.850000	625.640000	317.730000
536.420000	625.000000	301.530000
533.520000	624.660000	285.360000
531.280000	624.420000	269.050000
528.480000	623.880000	252.860000
525.010000	624.150000	236.870000
520.720000	624.300000	221.040000
516.120000	624.460000	205.290000
512.260000	624.680000	189.460000
508.010000	624.890000	173.640000
503.340000	625.020000	157.880000
498.730000	625.120000	142.160000
494.300000	625.250000	126.510000
489.280000	625.080000	110.840000
485.550000	625.920000	94.839000
480.440000	627.590000	79.295000
476.080000	629.810000	63.587000
473.510000	633.060000	47.679000
472.230000	635.090000	31.707000
464.500000	630.410000	18.612000
558.540000	542.340000	391.450000
551.660000	551.850000	380.590000
544.630000	560.680000	370.070000
538.610000	567.940000	357.000000
532.330000	575.030000	344.050000
527.160000	580.450000	329.750000
523.170000	583.970000	314.630000
519.360000	587.060000	299.330000
516.060000	589.280000	283.770000
513.030000	591.110000	268.070000
510.340000	592.240000	252.250000
506.610000	594.720000	236.930000
503.370000	595.930000	221.160000
500.050000	597.120000	205.460000
496.660000	598.190000	189.800000
492.980000	599.560000	174.160000
489.130000	601.110000	158.680000
485.850000	601.220000	142.890000
482.030000	602.360000	127.300000
478.430000	602.760000	111.640000
474.780000	603.110000	95.941000
468.960000	603.140000	80.883000
463.560000	603.090000	65.659000
459.180000	602.120000	50.183000
456.410000	602.590000	34.548000
461.380000	601.720000	21.268000
452.880000	553.210000	390.160000
464.090000	560.080000	381.010000
473.390000	566.340000	369.550000
479.990000	571.610000	355.920000
484.030000	575.810000	340.830000
484.870000	578.640000	324.950000
483.820000	580.640000	308.960000
481.650000	582.150000	292.980000
479.210000	583.450000	277.060000
476.140000	584.420000	261.220000
474.440000	585.560000	245.200000
472.080000	586.680000	229.320000
468.060000	587.750000	213.670000
465.150000	589.440000	197.970000
461.360000	591.180000	182.360000
458.020000	593.390000	166.700000
454.610000	595.890000	151.090000
451.120000	598.640000	135.560000
447.590000	601.670000	120.110000
444.210000	605.130000	104.700000
440.540000	608.690000	89.347000
436.490000	610.840000	73.838000
432.210000	611.090000	58.277000
424.670000	608.170000	44.468000
420.300000	604.640000	30.794000
431.580000	607.680000	20.551000
