630.160000	511.280000	1076.600000
655.810000	514.990000	1086.200000
667.190000	529.830000	1107.400000
670.400000	554.190000	1120.500000
660.960000	581.270000	1122.900000
644.170000	604.630000	1120.500000
625.200000	624.540000	1114.600000
610.050000	636.580000	1093.300000
597.960000	641.780000	1067.800000
593.480000	644.120000	1039.300000
583.830000	638.930000	1012.600000
572.420000	630.730000	987.230000
556.400000	620.580000	965.290000
536.100000	608.000000	949.440000
509.620000	597.190000	945.490000
483.570000	586.880000	949.630000
482.990000	610.480000	946.050000
482.340000	629.350000	931.630000
483.920000	640.270000	910.440000
491.220000	646.790000	888.260000
498.470000	655.990000	867.100000
510.490000	662.830000	847.340000
523.170000	672.480000	829.060000
539.270000	679.130000	812.350000
558.220000	685.880000	798.900000
578.320000	692.940000	787.630000
600.820000	691.880000	779.450000
621.930000	681.720000	775.320000
637.240000	663.940000	773.250000
647.140000	642.440000	777.110000
641.760000	619.750000	780.290000
629.090000	599.750000	776.020000
634.020000	609.730000	798.410000
647.710000	623.840000	810.330000
671.860000	627.210000	808.170000
694.890000	627.160000	797.930000
714.350000	621.080000	784.020000
727.540000	600.950000	776.720000
734.270000	576.950000	772.390000
741.260000	553.640000	765.470000
750.940000	530.220000	763.590000
755.610000	506.160000	768.160000
751.550000	484.190000	780.110000
739.560000	470.020000	796.230000
722.490000	458.100000	809.770000
701.580000	445.820000	812.480000
680.580000	451.170000	802.150000
672.630000	457.340000	780.680000
694.640000	448.880000	788.160000
714.520000	435.120000	790.140000
717.750000	411.020000	793.730000
721.430000	386.720000	797.350000
707.300000	367.870000	805.190000
693.230000	353.880000	814.740000
671.250000	354.310000	826.370000
649.410000	348.110000	836.340000
630.330000	345.970000	852.060000
612.100000	344.130000	868.500000
594.890000	348.200000	886.090000
579.160000	354.950000	904.180000
565.300000	363.280000	923.120000
558.070000	373.930000	944.340000
547.900000	391.090000	957.100000
536.850000	412.950000	960.890000
567.850000	417.430000	963.870000
598.080000	420.230000	972.790000
627.740000	426.720000	981.060000
653.740000	428.550000	998.510000
671.080000	427.110000	1024.200000
676.780000	425.590000	1054.900000
676.080000	434.740000	1085.000000
676.140000	453.020000	1110.600000
674.040000	479.710000	1124.600000
674.500000	511.140000	1125.000000
672.010000	541.240000	1117.000000
663.710000	567.460000	1104.500000
645.150000	584.580000	1086.200000
629.550000	577.610000	1061.300000
617.450000	550.980000	1060.000000
606.290000	524.060000	1070.000000
609.090000	628.900000	1083.400000
611.960000	619.800000	1071.200000
612.580000	610.630000	1058.800000
611.350000	601.790000	1046.100000
605.180000	593.200000	1034.900000
597.320000	585.490000	1024.200000
586.980000	578.680000	1014.900000
576.260000	572.170000	1005.800000
541.660000	671.430000	819.960000
543.350000	666.050000	829.570000
543.380000	656.420000	835.280000
543.780000	647.850000	841.590000
544.620000	638.660000	847.810000
545.320000	628.380000	852.450000
544.940000	617.280000	854.110000
544.090000	606.190000	852.690000
730.590000	551.810000	772.480000
721.930000	549.750000	782.360000
714.620000	548.490000	793.450000
703.590000	545.610000	799.890000
691.000000	541.580000	801.390000
678.370000	537.570000	800.070000
666.830000	533.790000	796.170000
657.100000	530.430000	788.080000
642.610000	354.570000	841.800000
635.880000	360.440000	849.530000
628.450000	367.330000	855.570000
621.390000	374.780000	861.430000
615.090000	383.350000	866.610000
608.510000	392.860000	867.880000
604.220000	403.760000	866.130000
602.190000	413.380000	860.510000
669.190000	457.590000	1097.100000
666.100000	462.870000	1082.500000
663.340000	467.720000	1067.700000
657.450000	470.950000	1053.300000
648.850000	472.500000	1040.200000
638.310000	472.680000	1028.400000
625.800000	470.720000	1019.300000
612.580000	468.100000	1011.000000
603.600000	549.280000	1067.700000
610.130000	569.750000	1050.300000
596.170000	576.570000	1026.400000
630.160000	630.160000	630.160000
551.320000	567.040000	991.710000
524.780000	566.580000	979.930000
499.900000	572.180000	966.190000
630.160000	630.160000	630.160000
491.210000	594.620000	923.560000
508.870000	599.180000	900.010000
528.060000	602.770000	877.510000
630.160000	630.160000	630.160000
561.770000	607.990000	828.940000
582.180000	607.550000	808.160000
603.550000	605.370000	787.750000
630.160000	630.160000	630.160000
635.150000	582.710000	781.690000
643.770000	565.990000	785.280000
650.520000	548.180000	788.110000
630.160000	630.160000	630.160000
661.740000	512.050000	788.090000
665.800000	493.360000	785.880000
668.160000	474.740000	782.790000
630.160000	630.160000	630.160000
657.160000	438.040000	793.240000
638.800000	426.030000	814.100000
618.750000	416.270000	835.070000
630.160000	630.160000	630.160000
582.580000	408.280000	883.410000
563.950000	404.950000	907.290000
548.040000	406.180000	933.570000
630.160000	630.160000	630.160000
549.490000	432.740000	974.290000
569.210000	448.200000	984.890000
590.790000	460.170000	996.570000
630.160000	630.160000	630.160000
631.970000	477.890000	1027.400000
640.060000	494.610000	1046.600000
627.220000	513.350000	1061.400000
630.160000	630.160000	630.160000
537.140000	560.020000	987.910000
502.330000	549.380000	962.720000
489.220000	540.950000	932.590000
474.320000	530.560000	892.380000
461.000000	519.820000	850.440000
444.600000	510.650000	809.070000
431.490000	501.510000	767.160000
419.290000	492.970000	724.280000
407.620000	486.950000	681.020000
396.740000	486.420000	637.010000
389.160000	486.220000	592.700000
383.940000	488.360000	547.760000
380.770000	493.780000	502.700000
380.250000	501.170000	458.070000
383.160000	508.970000	413.410000
390.670000	515.370000	369.020000
403.840000	519.430000	325.700000
419.780000	525.180000	283.490000
437.180000	529.850000	241.710000
455.460000	533.050000	200.150000
471.840000	537.240000	157.930000
478.540000	547.640000	114.490000
447.890000	557.930000	110.480000
410.280000	557.930000	95.300000
408.070000	551.820000	50.923000
422.850000	542.790000	10.469000
542.310000	581.040000	830.160000
534.310000	567.670000	799.350000
524.830000	564.110000	766.470000
517.320000	563.940000	732.550000
511.760000	563.080000	698.390000
506.790000	564.260000	664.100000
503.770000	561.530000	634.920000
499.920000	562.970000	601.250000
496.620000	563.540000	566.630000
493.630000	564.880000	532.010000
491.850000	565.400000	497.470000
491.200000	566.470000	462.840000
492.350000	565.920000	428.200000
494.610000	564.500000	393.620000
497.790000	561.810000	359.310000
500.980000	560.930000	324.740000
504.590000	560.330000	290.190000
508.240000	562.540000	255.710000
512.460000	564.940000	221.280000
517.170000	567.590000	186.950000
522.300000	570.400000	152.680000
528.210000	576.590000	119.070000
521.980000	588.050000	88.675000
506.670000	590.950000	58.299000
487.650000	577.600000	33.047000
467.970000	562.540000	9.603600
638.640000	525.660000	763.460000
631.560000	524.660000	732.420000
627.820000	524.990000	700.710000
623.500000	525.130000	669.060000
620.020000	525.620000	637.290000
616.820000	526.270000	605.480000
615.950000	527.930000	573.550000
613.150000	528.810000	541.710000
611.670000	530.280000	509.910000
607.840000	530.710000	478.260000
604.990000	531.580000	446.500000
602.070000	532.400000	414.660000
599.630000	533.420000	382.800000
593.700000	532.730000	351.400000
587.940000	532.710000	320.060000
588.770000	535.020000	288.730000
577.570000	533.270000	259.690000
574.610000	534.570000	228.080000
568.610000	535.630000	196.870000
567.070000	537.770000	165.520000
568.510000	540.270000	133.760000
572.400000	545.770000	102.920000
565.170000	547.440000	72.357000
547.330000	544.670000	46.374000
522.890000	538.570000	26.804000
500.580000	533.590000	4.463800
596.110000	433.150000	831.990000
587.970000	445.130000	799.240000
577.760000	448.890000	765.310000
568.110000	446.870000	730.740000
560.200000	447.960000	695.720000
553.730000	445.970000	660.430000
548.580000	444.660000	625.190000
543.570000	448.150000	590.050000
540.700000	445.780000	557.520000
536.480000	451.050000	522.900000
534.940000	448.070000	487.790000
531.350000	455.150000	452.880000
531.270000	458.280000	417.140000
532.440000	458.450000	381.670000
532.310000	469.070000	348.820000
534.320000	471.210000	316.400000
535.500000	480.330000	283.890000
536.680000	488.480000	252.870000
539.720000	492.040000	218.700000
544.130000	494.460000	183.200000
548.750000	497.800000	148.720000
553.010000	495.830000	114.760000
549.440000	484.560000	82.521000
533.450000	478.070000	51.562000
508.520000	483.840000	26.808000
480.800000	489.640000	4.739800
571.830000	457.900000	991.930000
532.320000	447.680000	971.600000
515.420000	456.220000	929.590000
501.600000	460.720000	885.780000
481.990000	459.520000	844.170000
462.790000	456.880000	801.950000
447.770000	456.060000	758.620000
431.290000	449.400000	717.300000
421.180000	451.650000	674.090000
410.130000	447.990000	633.120000
401.750000	444.160000	587.720000
397.750000	439.350000	542.050000
397.870000	436.970000	496.850000
400.430000	434.530000	459.340000
406.080000	438.360000	414.530000
414.190000	444.630000	371.060000
425.390000	454.510000	327.630000
439.090000	464.140000	284.290000
455.100000	472.060000	241.590000
470.920000	482.120000	201.950000
486.470000	492.810000	159.640000
495.570000	496.730000	115.580000
469.420000	473.990000	108.560000
433.790000	460.120000	93.136000
428.800000	470.460000	48.385000
437.540000	488.470000	8.055200
579.700000	525.910000	1032.000000
550.790000	517.900000	996.130000
519.080000	507.050000	963.670000
490.240000	498.310000	927.760000
460.520000	489.170000	892.770000
433.020000	481.020000	857.270000
413.830000	474.920000	815.610000
390.590000	467.610000	776.270000
372.110000	461.140000	734.870000
359.200000	457.180000	691.670000
349.130000	454.910000	646.700000
340.000000	453.140000	600.800000
337.990000	453.870000	554.070000
338.900000	455.770000	507.500000
346.680000	460.410000	461.530000
350.960000	463.480000	416.420000
370.850000	473.030000	376.050000
385.480000	480.260000	332.200000
405.450000	489.550000	290.830000
425.540000	498.660000	249.570000
444.270000	507.010000	207.540000
462.180000	515.020000	164.950000
470.340000	519.920000	120.650000
437.330000	511.330000	98.006000
424.720000	509.050000	54.982000
423.450000	510.610000	9.993500
487.110000	575.490000	912.840000
482.990000	564.600000	875.930000
475.720000	556.600000	838.770000
467.410000	549.280000	801.770000
457.090000	543.070000	765.140000
447.280000	534.390000	728.740000
437.330000	526.280000	692.220000
429.680000	520.710000	654.560000
422.470000	519.240000	616.420000
415.200000	522.350000	578.970000
412.090000	524.750000	540.580000
410.020000	530.530000	502.360000
410.250000	537.930000	464.220000
415.350000	541.860000	425.980000
423.300000	544.320000	388.070000
432.510000	547.660000	350.570000
444.270000	548.390000	313.610000
458.510000	549.990000	277.510000
472.240000	551.120000	241.310000
483.860000	554.020000	204.350000
493.210000	556.700000	166.930000
497.300000	561.300000	128.640000
488.270000	573.460000	93.670000
461.120000	592.930000	75.853000
445.970000	580.830000	43.577000
442.740000	558.990000	11.835000
610.270000	575.940000	776.110000
599.670000	559.100000	753.450000
594.730000	559.450000	721.520000
590.120000	562.640000	689.720000
585.890000	565.040000	657.660000
582.320000	566.980000	625.630000
580.060000	570.960000	593.490000
577.680000	573.410000	561.280000
574.810000	573.760000	529.130000
572.860000	572.580000	496.820000
570.430000	570.740000	464.520000
567.910000	566.720000	435.430000
566.060000	568.550000	404.380000
563.690000	565.430000	372.140000
561.410000	562.250000	339.910000
559.020000	558.940000	307.740000
556.550000	557.110000	275.470000
553.860000	556.100000	243.140000
550.960000	555.940000	210.800000
548.470000	557.420000	178.500000
547.230000	560.510000	146.450000
548.320000	564.850000	115.400000
545.600000	568.580000	83.612000
527.770000	563.460000	57.791000
509.930000	558.220000	31.320000
488.130000	550.120000	8.897800
644.530000	470.020000	771.840000
626.990000	477.550000	746.780000
622.680000	477.090000	714.520000
619.930000	475.480000	682.030000
617.660000	473.840000	649.440000
612.910000	473.840000	617.130000
609.700000	473.120000	584.740000
603.690000	473.730000	552.530000
598.760000	473.600000	520.120000
599.200000	470.700000	487.890000
590.320000	474.980000	457.020000
587.660000	475.840000	426.030000
580.330000	482.050000	394.850000
576.940000	485.400000	365.160000
573.390000	489.480000	334.900000
565.350000	498.060000	304.730000
563.170000	501.430000	272.440000
559.880000	505.910000	240.550000
559.110000	508.970000	208.040000
558.890000	512.290000	176.290000
561.190000	515.420000	144.600000
561.500000	517.710000	112.140000
558.530000	515.560000	79.931000
538.270000	514.010000	54.952000
521.050000	513.010000	27.540000
499.060000	512.730000	4.134400
536.280000	421.140000	922.460000
532.490000	429.790000	887.140000
523.680000	432.150000	848.160000
513.010000	435.060000	809.560000
500.510000	434.060000	771.480000
486.370000	433.080000	733.860000
471.420000	432.060000	696.520000
459.790000	429.230000	658.480000
451.180000	429.050000	619.430000
445.160000	425.510000	581.390000
441.240000	423.060000	541.880000
439.640000	420.250000	501.840000
441.040000	420.210000	461.770000
445.520000	425.620000	422.180000
452.470000	431.780000	383.040000
460.800000	443.770000	345.580000
471.190000	453.860000	308.130000
482.960000	465.120000	271.550000
495.520000	472.810000	234.950000
506.730000	484.030000	199.570000
517.310000	490.160000	161.430000
525.540000	491.910000	122.440000
525.980000	478.960000	85.731000
502.620000	457.360000	63.551000
475.910000	462.310000	36.102000
460.560000	483.060000	5.981700
