440.150000	535.840000	994.670000
434.550000	533.570000	1017.500000
436.470000	535.610000	1040.700000
448.260000	550.810000	1053.000000
462.880000	569.450000	1054.300000
480.650000	585.110000	1051.000000
500.060000	596.550000	1045.300000
520.430000	603.030000	1034.700000
540.320000	607.420000	1022.300000
557.330000	605.620000	1006.400000
566.360000	595.820000	986.900000
569.990000	589.710000	964.440000
574.080000	585.740000	941.310000
576.130000	581.070000	917.970000
575.090000	580.370000	894.360000
569.960000	579.990000	871.040000
588.200000	574.560000	875.430000
603.720000	566.320000	877.890000
620.750000	574.180000	870.530000
637.240000	576.780000	859.030000
654.260000	575.270000	847.800000
670.730000	573.490000	835.800000
686.980000	571.190000	823.790000
701.800000	562.750000	812.950000
713.820000	547.410000	806.800000
724.560000	530.680000	803.150000
728.540000	510.850000	802.100000
725.160000	490.770000	798.670000
721.140000	476.610000	784.560000
713.390000	469.720000	767.000000
703.280000	465.610000	749.760000
697.040000	466.760000	730.680000
696.490000	462.030000	753.800000
703.920000	460.600000	774.700000
712.730000	448.080000	792.710000
720.170000	427.510000	797.400000
720.400000	406.060000	787.770000
711.800000	387.940000	775.070000
695.720000	371.340000	771.110000
677.790000	356.710000	776.320000
664.220000	338.390000	780.040000
648.130000	327.090000	792.740000
629.030000	325.000000	805.160000
606.940000	333.620000	805.970000
589.170000	347.460000	798.570000
582.190000	354.750000	777.800000
587.900000	351.090000	756.830000
595.410000	339.060000	737.990000
591.160000	330.830000	754.700000
595.390000	322.300000	771.680000
596.190000	320.650000	790.830000
587.210000	318.960000	807.080000
571.450000	311.070000	815.410000
553.610000	306.760000	820.020000
534.630000	310.930000	822.160000
517.110000	317.920000	825.990000
503.310000	330.160000	832.110000
492.860000	344.930000	839.430000
485.920000	359.670000	850.260000
480.440000	375.040000	861.220000
476.150000	390.680000	872.360000
468.610000	407.730000	877.730000
456.620000	421.780000	873.140000
447.470000	437.000000	867.160000
449.980000	429.330000	891.350000
448.240000	422.490000	915.780000
444.490000	420.270000	940.890000
440.500000	421.280000	966.060000
435.580000	424.180000	990.310000
421.060000	432.700000	1008.500000
416.120000	451.530000	1024.900000
412.190000	473.740000	1036.500000
412.090000	497.110000	1045.400000
423.500000	517.600000	1054.200000
439.250000	537.550000	1054.700000
457.300000	552.870000	1048.200000
470.620000	560.070000	1028.900000
479.780000	557.680000	1006.000000
470.630000	548.520000	985.660000
448.050000	546.180000	974.640000
519.770000	596.790000	1024.900000
519.320000	590.100000	1015.300000
518.840000	584.440000	1005.100000
518.640000	579.370000	994.550000
518.630000	576.170000	983.300000
519.270000	571.530000	972.590000
520.280000	567.910000	961.540000
521.060000	564.400000	950.510000
692.120000	557.560000	814.220000
682.300000	552.510000	815.590000
672.330000	547.750000	815.790000
662.440000	542.550000	815.300000
652.640000	538.210000	812.660000
643.670000	533.350000	809.200000
635.070000	530.010000	803.010000
628.180000	527.280000	794.930000
673.510000	362.340000	781.610000
669.780000	368.330000	787.030000
665.140000	375.350000	789.060000
660.530000	382.770000	787.970000
657.900000	388.420000	781.750000
655.610000	393.530000	774.850000
653.330000	398.000000	767.510000
651.570000	401.550000	759.620000
514.470000	327.000000	821.960000
514.600000	337.710000	820.470000
515.700000	348.060000	820.320000
517.310000	358.650000	819.790000
517.670000	367.550000	816.480000
518.250000	377.070000	811.600000
518.730000	385.320000	804.720000
519.570000	392.290000	796.680000
419.970000	473.500000	1028.100000
427.140000	473.550000	1019.100000
432.970000	473.410000	1009.200000
437.340000	473.000000	998.630000
440.060000	472.260000	987.420000
442.620000	471.480000	976.180000
446.040000	470.780000	965.340000
447.300000	470.670000	954.050000
461.970000	560.690000	979.430000
485.660000	565.920000	983.110000
507.200000	566.300000	971.210000
440.150000	440.150000	440.150000
529.290000	562.680000	927.200000
538.680000	565.280000	904.420000
552.780000	570.910000	884.500000
440.150000	440.150000	440.150000
583.550000	568.890000	852.520000
597.370000	551.460000	835.360000
612.350000	539.110000	815.090000
440.150000	440.150000	440.150000
644.000000	512.240000	777.450000
661.100000	498.100000	760.030000
679.160000	483.830000	743.950000
440.150000	440.150000	440.150000
692.170000	448.030000	737.730000
680.070000	432.070000	747.110000
667.130000	416.390000	754.390000
440.150000	440.150000	440.150000
636.950000	385.010000	759.600000
622.300000	368.980000	754.920000
608.760000	353.810000	745.950000
440.150000	440.150000	440.150000
572.790000	348.300000	748.490000
554.840000	364.080000	763.360000
536.440000	378.260000	779.080000
440.150000	440.150000	440.150000
502.530000	405.040000	814.990000
487.080000	417.440000	834.840000
465.110000	425.840000	849.430000
440.150000	440.150000	440.150000
451.020000	449.350000	886.480000
452.070000	458.020000	908.550000
450.110000	464.530000	931.330000
440.150000	440.150000	440.150000
444.000000	481.770000	974.670000
443.540000	501.530000	986.660000
445.340000	524.770000	983.730000
440.150000	440.150000	440.150000
525.320000	553.410000	913.220000
530.750000	541.050000	876.340000
527.160000	541.540000	837.310000
522.010000	544.300000	798.390000
515.340000	549.390000	759.950000
508.470000	554.230000	721.720000
500.470000	560.660000	683.890000
492.480000	565.550000	645.520000
484.190000	570.490000	607.240000
477.980000	575.680000	568.660000
475.170000	578.930000	529.770000
475.360000	582.490000	490.600000
478.250000	585.240000	451.470000
483.260000	586.800000	412.360000
489.910000	585.170000	373.570000
497.930000	580.800000	335.220000
507.130000	574.490000	297.370000
517.450000	565.450000	260.320000
528.670000	557.250000	223.340000
540.630000	548.700000	186.680000
552.950000	540.540000	150.040000
563.750000	533.110000	112.990000
560.470000	553.340000	88.753000
542.690000	583.050000	80.814000
541.470000	577.110000	43.461000
547.490000	559.530000	10.111000
615.370000	520.830000	767.070000
609.680000	521.220000	735.910000
606.000000	523.250000	704.380000
603.780000	526.080000	672.970000
602.010000	528.500000	641.280000
600.050000	529.680000	609.560000
597.730000	529.540000	577.750000
597.240000	531.070000	545.950000
596.130000	531.060000	514.200000
594.010000	528.940000	482.530000
592.910000	527.530000	450.760000
591.770000	525.270000	419.120000
590.620000	521.520000	387.550000
589.370000	516.550000	356.190000
589.500000	512.480000	324.600000
590.520000	508.380000	293.070000
593.700000	505.760000	261.560000
598.940000	503.990000	230.270000
604.900000	504.560000	198.950000
611.860000	506.180000	167.860000
619.120000	508.560000	137.180000
626.020000	513.340000	110.280000
636.160000	531.830000	89.924000
627.150000	540.930000	64.029000
611.010000	542.100000	40.984000
592.450000	540.710000	15.611000
644.370000	406.350000	732.170000
636.340000	411.400000	704.400000
635.720000	411.740000	674.270000
634.810000	412.550000	644.200000
636.150000	412.450000	614.240000
637.580000	412.530000	585.220000
636.630000	414.030000	555.390000
637.250000	414.860000	525.680000
638.520000	415.370000	497.310000
639.570000	416.030000	467.850000
638.390000	418.020000	437.880000
636.540000	420.750000	408.070000
635.310000	423.530000	379.990000
632.160000	427.720000	350.420000
629.730000	431.420000	320.620000
626.210000	436.090000	291.100000
622.460000	440.980000	261.620000
619.550000	445.270000	231.960000
616.410000	449.790000	202.370000
615.320000	452.910000	172.440000
615.880000	454.920000	142.400000
619.380000	454.740000	113.250000
624.940000	453.550000	85.984000
618.610000	461.060000	58.636000
604.360000	475.990000	36.741000
590.420000	489.650000	14.143000
525.060000	404.930000	766.130000
524.920000	411.150000	733.620000
524.980000	416.670000	700.430000
522.130000	418.000000	667.920000
525.190000	424.850000	636.000000
522.790000	425.220000	602.380000
523.220000	428.040000	568.870000
523.300000	429.990000	535.120000
524.280000	432.370000	501.450000
526.110000	435.030000	467.910000
524.670000	434.610000	435.210000
532.340000	440.510000	404.230000
536.490000	443.170000	370.790000
540.360000	445.240000	337.630000
545.840000	448.300000	306.430000
553.470000	452.980000	275.590000
555.290000	452.270000	246.640000
560.230000	453.940000	216.570000
560.850000	449.840000	186.610000
570.310000	458.100000	162.850000
567.060000	446.120000	138.260000
570.280000	444.090000	108.340000
564.080000	435.040000	81.974000
546.160000	437.860000	55.208000
532.260000	456.800000	32.483000
538.890000	479.280000	8.779000
458.700000	475.590000	916.210000
475.200000	478.680000	879.730000
479.690000	484.220000	840.860000
481.560000	489.810000	801.110000
476.390000	496.630000	762.130000
468.000000	503.410000	723.400000
459.800000	509.260000	684.500000
452.780000	514.690000	645.610000
447.900000	520.010000	606.030000
437.100000	523.260000	570.180000
441.030000	526.800000	530.370000
438.480000	527.210000	495.240000
437.160000	526.120000	458.070000
438.280000	523.920000	418.040000
443.750000	521.700000	378.290000
450.010000	518.810000	338.720000
461.100000	516.480000	300.230000
475.280000	514.010000	262.640000
486.840000	510.610000	225.370000
504.120000	507.030000	189.470000
519.110000	502.240000	152.430000
534.000000	496.120000	115.840000
516.370000	504.230000	87.498000
485.580000	519.650000	75.056000
492.540000	522.010000	36.562000
517.310000	517.340000	6.054600
476.430000	532.940000	950.370000
499.880000	520.370000	920.020000
508.990000	514.930000	881.360000
495.080000	523.040000	844.870000
481.190000	532.760000	808.440000
468.750000	542.030000	771.110000
457.630000	550.440000	733.420000
447.170000	558.330000	694.910000
440.070000	563.850000	655.360000
433.970000	568.550000	615.580000
429.300000	572.190000	575.350000
428.910000	573.290000	535.000000
428.770000	574.690000	494.430000
431.360000	574.630000	453.960000
440.030000	570.460000	414.470000
449.480000	566.080000	375.190000
461.560000	559.960000	336.840000
473.720000	554.190000	298.440000
486.850000	548.050000	260.470000
500.600000	541.900000	222.740000
514.180000	536.580000	185.010000
531.230000	528.300000	149.080000
540.520000	525.960000	111.830000
525.820000	538.760000	83.139000
518.430000	544.220000	45.622000
527.950000	537.980000	8.070000
565.960000	563.940000	841.350000
561.600000	553.740000	808.480000
556.940000	553.950000	773.830000
552.530000	559.390000	739.260000
548.320000	568.590000	705.500000
542.750000	576.270000	671.550000
535.940000	583.450000	637.630000
529.890000	589.730000	603.490000
525.460000	593.080000	568.620000
522.970000	595.500000	533.540000
522.250000	596.710000	498.340000
522.520000	594.800000	463.060000
524.410000	592.030000	428.120000
527.250000	586.870000	393.350000
530.850000	579.690000	358.980000
536.260000	572.680000	324.850000
541.100000	562.250000	291.430000
548.850000	553.640000	258.060000
558.090000	544.920000	225.080000
567.790000	537.070000	192.030000
578.440000	532.430000	159.140000
587.950000	527.810000	125.590000
598.030000	534.910000	94.169000
592.470000	562.630000	74.797000
579.960000	568.950000	45.229000
571.120000	556.680000	13.624000
670.430000	460.010000	735.510000
653.830000	457.640000	714.420000
653.990000	460.790000	684.890000
654.250000	463.160000	655.190000
656.710000	465.680000	625.590000
656.430000	467.280000	596.090000
654.950000	468.490000	566.140000
652.410000	469.200000	536.300000
648.900000	469.640000	506.780000
646.090000	470.410000	477.110000
642.510000	470.790000	447.350000
639.230000	471.180000	417.500000
636.110000	471.520000	387.700000
631.750000	471.310000	358.010000
628.460000	471.620000	328.160000
626.520000	472.530000	298.300000
624.410000	473.520000	268.370000
623.370000	474.950000	238.390000
622.540000	476.560000	208.440000
621.990000	478.330000	178.480000
624.820000	480.380000	149.080000
625.450000	482.230000	119.870000
631.660000	486.340000	91.033000
624.790000	495.120000	63.996000
611.060000	504.660000	39.246000
599.370000	516.720000	15.065000
593.910000	366.010000	735.860000
593.770000	380.420000	711.030000
592.900000	382.880000	681.470000
591.410000	382.040000	651.450000
590.250000	385.710000	621.450000
589.170000	387.950000	591.310000
588.300000	391.050000	561.270000
587.640000	395.360000	531.360000
587.060000	399.620000	501.420000
587.390000	404.110000	474.090000
587.560000	407.900000	444.100000
587.050000	409.960000	414.200000
587.620000	413.890000	385.110000
590.050000	421.020000	356.190000
591.540000	426.150000	326.560000
592.560000	430.380000	296.680000
593.410000	434.430000	266.720000
594.070000	438.370000	236.740000
594.440000	441.760000	206.740000
594.670000	444.100000	176.600000
594.730000	448.050000	146.870000
595.350000	448.820000	116.790000
596.790000	443.040000	87.294000
589.490000	449.090000	59.524000
577.260000	464.100000	36.490000
566.630000	475.330000	10.735000
467.810000	441.270000	838.380000
478.730000	447.400000	805.580000
477.920000	451.590000	770.020000
472.040000	454.770000	734.260000
464.720000	457.860000	698.620000
457.260000	462.060000	663.190000
448.630000	467.390000	628.220000
441.790000	472.550000	593.570000
437.630000	474.430000	557.320000
436.950000	475.460000	520.910000
437.750000	473.160000	486.670000
443.640000	477.220000	451.080000
450.470000	478.320000	415.270000
456.770000	474.730000	380.410000
466.870000	477.410000	347.870000
475.010000	473.410000	314.600000
489.180000	479.000000	283.270000
503.540000	481.380000	250.660000
517.870000	481.060000	217.250000
530.590000	477.300000	183.220000
541.240000	471.250000	148.770000
548.290000	462.860000	114.870000
544.890000	459.470000	84.080000
515.170000	467.940000	67.259000
508.140000	483.130000	40.584000
520.940000	493.370000	8.069600
