518.010000	537.580000	1045.100000
518.390000	534.880000	1062.100000
520.350000	525.460000	1077.500000
516.180000	509.710000	1083.900000
523.000000	490.650000	1083.900000
528.420000	471.740000	1080.300000
528.600000	457.410000	1067.700000
526.180000	445.060000	1051.900000
523.600000	434.480000	1035.300000
524.360000	430.490000	1015.400000
528.360000	427.950000	995.900000
530.890000	425.710000	976.150000
531.070000	426.400000	956.170000
533.610000	433.820000	937.650000
541.590000	443.480000	922.650000
557.640000	448.550000	911.970000
542.340000	441.770000	918.280000
526.370000	434.750000	918.860000
514.660000	423.290000	913.500000
502.390000	414.950000	903.350000
487.820000	409.590000	894.550000
470.540000	409.850000	889.700000
454.740000	411.400000	881.740000
439.860000	414.490000	872.150000
425.980000	422.550000	865.160000
416.590000	437.320000	863.760000
409.480000	453.810000	864.740000
408.020000	471.260000	864.780000
410.970000	480.300000	852.410000
413.440000	477.650000	834.850000
420.790000	478.580000	819.160000
430.350000	484.140000	804.930000
434.060000	482.890000	821.140000
420.940000	479.670000	834.050000
408.660000	486.900000	845.090000
399.410000	498.070000	856.940000
387.270000	511.540000	860.320000
377.160000	527.210000	858.040000
367.010000	542.580000	854.630000
367.640000	560.350000	851.420000
372.850000	578.100000	851.460000
376.720000	595.120000	854.600000
388.600000	609.230000	858.260000
404.410000	618.890000	855.770000
419.480000	625.210000	846.440000
431.800000	630.470000	833.220000
444.700000	627.380000	820.770000
453.370000	617.930000	811.510000
446.390000	621.010000	822.170000
438.010000	623.510000	836.320000
431.890000	625.830000	851.800000
429.330000	636.670000	858.830000
441.250000	646.690000	858.650000
455.860000	654.680000	860.440000
469.570000	661.760000	866.740000
481.490000	668.030000	876.710000
492.100000	668.880000	889.380000
505.130000	664.790000	898.790000
519.500000	659.340000	905.440000
530.420000	649.900000	913.880000
539.280000	638.520000	922.520000
548.350000	626.070000	928.250000
559.940000	614.120000	928.690000
573.420000	608.500000	920.320000
555.580000	612.520000	926.290000
543.640000	624.700000	936.020000
537.320000	634.330000	951.970000
532.070000	639.210000	970.430000
529.970000	641.910000	989.920000
529.420000	636.720000	1009.100000
530.590000	629.980000	1027.700000
532.240000	620.210000	1044.900000
532.100000	607.500000	1060.100000
527.690000	592.780000	1072.600000
519.190000	576.710000	1079.900000
514.740000	560.150000	1079.500000
519.010000	542.440000	1073.500000
520.640000	528.760000	1059.500000
523.810000	526.180000	1040.600000
527.270000	535.750000	1027.300000
519.260000	451.920000	1047.800000
515.990000	458.430000	1040.000000
514.430000	463.550000	1030.700000
514.930000	467.740000	1020.800000
515.930000	471.290000	1010.700000
517.830000	474.320000	1000.600000
521.970000	476.290000	990.880000
526.910000	477.620000	981.390000
444.860000	421.780000	876.900000
453.410000	426.900000	876.260000
461.950000	431.430000	873.390000
470.110000	437.100000	871.830000
478.050000	442.470000	868.570000
485.450000	448.140000	864.780000
492.220000	453.420000	859.660000
499.530000	456.540000	853.450000
376.930000	559.840000	847.990000
387.310000	558.960000	849.490000
397.860000	557.800000	848.210000
407.640000	556.560000	844.290000
414.160000	555.690000	835.930000
421.650000	555.020000	828.250000
428.840000	554.180000	820.300000
434.870000	554.030000	811.560000
477.770000	663.930000	883.650000
483.940000	656.810000	884.660000
491.310000	650.580000	883.030000
498.490000	644.350000	880.710000
504.940000	637.500000	878.020000
510.180000	630.150000	874.340000
514.630000	624.530000	867.920000
518.830000	618.760000	861.350000
526.980000	618.580000	1037.100000
521.530000	615.640000	1029.500000
518.650000	611.520000	1021.100000
517.870000	607.130000	1012.800000
517.960000	602.250000	1004.300000
519.900000	597.070000	996.260000
523.600000	591.800000	989.030000
528.390000	586.550000	982.370000
524.790000	515.740000	1026.500000
519.570000	496.610000	1018.400000
520.430000	483.650000	1001.300000
518.010000	518.010000	518.010000
538.290000	474.970000	963.120000
549.370000	470.500000	945.180000
557.070000	461.920000	927.090000
518.010000	518.010000	518.010000
547.790000	447.920000	898.230000
532.880000	449.040000	881.640000
516.930000	451.930000	867.510000
518.010000	518.010000	518.010000
482.900000	463.000000	840.900000
465.390000	468.980000	828.000000
447.590000	474.750000	815.200000
518.010000	518.010000	518.010000
430.400000	501.650000	808.420000
431.410000	519.280000	810.340000
432.690000	536.310000	811.170000
518.010000	518.010000	518.010000
434.720000	571.670000	809.780000
438.860000	589.100000	810.010000
444.350000	606.130000	809.750000
518.010000	518.010000	518.010000
470.750000	621.900000	822.180000
487.760000	621.930000	834.180000
503.620000	620.530000	847.430000
518.010000	518.010000	518.010000
533.980000	617.590000	875.280000
547.410000	614.250000	889.950000
560.370000	611.280000	904.440000
518.010000	518.010000	518.010000
563.710000	597.570000	934.160000
553.040000	592.200000	950.550000
540.290000	588.360000	965.960000
518.010000	518.010000	518.010000
521.520000	580.800000	1000.400000
520.030000	568.260000	1016.100000
520.800000	550.580000	1024.800000
518.010000	518.010000	518.010000
551.880000	480.250000	946.900000
560.030000	488.630000	906.140000
570.550000	496.770000	865.540000
585.050000	501.280000	825.270000
600.310000	502.820000	785.100000
611.690000	507.070000	744.420000
623.230000	509.560000	703.230000
632.450000	513.760000	662.230000
640.540000	516.270000	620.300000
646.730000	513.680000	577.700000
646.730000	515.980000	534.920000
643.060000	517.510000	492.740000
636.160000	516.830000	451.110000
624.900000	517.820000	410.400000
611.160000	516.220000	369.950000
590.990000	522.760000	333.290000
569.760000	524.090000	295.930000
547.510000	524.570000	260.140000
523.190000	526.040000	225.330000
496.510000	531.360000	193.650000
470.780000	537.490000	163.710000
445.280000	541.540000	129.370000
439.650000	529.320000	96.163000
467.780000	515.940000	72.966000
457.540000	529.760000	34.622000
432.310000	550.910000	9.182900
508.420000	466.260000	821.950000
516.250000	471.330000	789.060000
523.490000	478.020000	756.970000
528.360000	479.060000	723.200000
533.770000	485.350000	690.170000
537.470000	489.510000	657.540000
539.950000	493.040000	624.890000
541.710000	498.010000	591.120000
540.990000	498.080000	557.190000
539.760000	502.520000	523.430000
536.560000	506.580000	489.840000
530.150000	507.340000	457.390000
521.450000	507.080000	424.500000
513.280000	513.880000	393.420000
503.010000	515.650000	362.160000
492.070000	520.020000	330.510000
479.450000	523.010000	298.900000
466.470000	524.990000	270.180000
451.100000	525.540000	240.450000
435.360000	526.780000	212.280000
418.730000	531.390000	183.100000
399.600000	532.520000	154.690000
379.170000	529.820000	127.560000
374.710000	525.360000	94.663000
385.630000	526.320000	62.755000
390.100000	535.690000	30.304000
453.690000	552.240000	786.800000
463.920000	551.330000	757.520000
465.490000	552.020000	726.270000
465.000000	553.290000	694.890000
464.240000	554.680000	663.510000
463.330000	556.040000	632.180000
461.650000	557.450000	600.920000
458.690000	558.940000	569.840000
454.420000	560.410000	538.750000
451.950000	561.340000	507.520000
444.190000	562.570000	478.320000
448.570000	562.730000	448.400000
447.400000	563.600000	417.120000
446.060000	564.830000	385.800000
441.530000	565.730000	354.830000
436.630000	566.550000	323.960000
428.930000	567.090000	293.900000
419.130000	567.480000	265.570000
412.790000	568.380000	237.930000
399.600000	568.800000	209.480000
388.550000	569.420000	180.170000
372.400000	569.910000	153.310000
357.140000	570.080000	126.420000
358.950000	570.540000	96.095000
368.160000	571.080000	66.228000
375.470000	573.110000	36.613000
524.220000	610.100000	830.190000
529.800000	607.460000	797.200000
533.590000	607.010000	763.920000
536.360000	603.220000	731.140000
538.150000	600.920000	697.730000
538.790000	600.940000	664.010000
538.650000	600.970000	630.420000
537.730000	602.440000	596.860000
536.140000	603.360000	563.260000
533.390000	602.920000	529.840000
529.310000	603.950000	496.340000
523.770000	604.930000	463.330000
516.710000	604.910000	430.290000
508.320000	605.330000	397.630000
498.750000	603.320000	365.380000
488.150000	599.630000	333.550000
476.270000	598.030000	301.990000
463.210000	598.340000	270.940000
449.230000	597.920000	240.380000
435.420000	597.870000	212.390000
419.010000	596.020000	182.980000
403.720000	598.870000	154.390000
391.580000	607.300000	124.500000
393.000000	619.350000	94.600000
400.780000	608.070000	64.550000
398.330000	601.310000	32.070000
556.660000	579.330000	952.200000
568.990000	573.640000	913.070000
575.550000	564.490000	872.350000
589.320000	559.060000	832.590000
607.190000	560.220000	794.170000
619.640000	559.690000	753.830000
628.900000	558.820000	712.370000
636.460000	560.120000	670.540000
641.490000	563.500000	628.890000
643.360000	566.840000	586.490000
642.850000	571.000000	544.210000
639.550000	575.370000	502.040000
634.770000	581.620000	460.420000
624.200000	584.190000	420.010000
608.800000	584.730000	380.510000
592.010000	587.740000	341.750000
569.510000	586.190000	306.510000
544.950000	584.850000	273.470000
520.490000	585.510000	240.660000
495.020000	585.270000	206.560000
473.630000	588.600000	172.020000
448.410000	583.820000	140.170000
443.410000	594.950000	103.670000
470.330000	614.400000	83.742000
459.090000	611.980000	44.167000
434.770000	600.080000	12.064000
531.780000	527.620000	985.560000
548.580000	528.180000	946.160000
570.160000	529.310000	908.580000
592.070000	529.980000	871.100000
615.080000	530.470000	834.200000
635.280000	531.130000	795.680000
651.370000	532.370000	755.270000
663.860000	534.270000	713.510000
674.310000	536.700000	671.260000
680.280000	538.450000	628.200000
681.930000	540.150000	584.880000
679.900000	542.090000	541.510000
675.490000	544.240000	498.490000
667.110000	546.400000	456.420000
652.930000	548.420000	415.670000
631.740000	550.240000	377.940000
610.150000	552.070000	340.400000
584.690000	553.860000	305.530000
562.570000	555.720000	267.970000
536.990000	557.600000	232.660000
512.930000	559.440000	196.560000
483.820000	561.500000	164.090000
460.400000	563.260000	127.430000
457.880000	564.580000	86.015000
460.470000	566.160000	43.928000
439.490000	573.970000	9.076200
548.530000	462.270000	877.330000
551.250000	470.820000	840.680000
561.340000	475.480000	803.780000
574.060000	480.620000	768.580000
587.890000	477.750000	735.050000
597.010000	487.480000	700.070000
605.130000	490.830000	662.640000
610.490000	493.910000	624.580000
613.280000	495.320000	586.160000
613.440000	495.510000	547.890000
611.020000	494.670000	509.980000
604.870000	497.180000	473.810000
596.950000	496.440000	436.970000
584.480000	500.960000	401.210000
568.590000	502.360000	367.580000
551.570000	505.930000	336.520000
532.660000	505.140000	303.820000
515.220000	513.520000	273.780000
495.670000	519.590000	241.520000
474.870000	523.850000	209.370000
453.370000	528.940000	177.950000
430.800000	533.100000	147.190000
410.040000	528.770000	115.920000
410.590000	509.470000	84.693000
417.750000	516.450000	50.462000
408.440000	535.180000	18.694000
457.780000	496.420000	798.300000
470.550000	504.310000	771.470000
472.490000	506.470000	739.600000
471.110000	506.910000	708.190000
471.540000	509.120000	676.370000
470.950000	510.960000	644.380000
470.620000	513.490000	612.380000
467.610000	513.950000	581.340000
468.600000	518.440000	551.010000
465.900000	520.500000	519.520000
464.620000	524.180000	488.950000
462.840000	527.900000	458.830000
458.760000	530.650000	427.260000
458.540000	536.610000	396.150000
454.290000	540.210000	364.610000
449.590000	543.850000	333.690000
443.140000	546.900000	302.360000
434.300000	548.830000	271.510000
423.460000	549.590000	242.700000
409.210000	548.930000	214.090000
395.870000	549.440000	185.010000
381.340000	548.910000	156.590000
366.290000	546.890000	128.360000
365.300000	549.940000	96.841000
373.640000	553.990000	66.154000
379.230000	556.090000	34.899000
473.460000	598.410000	798.030000
483.210000	593.380000	769.420000
483.230000	595.620000	739.340000
483.120000	596.280000	708.050000
482.520000	597.180000	676.700000
481.060000	598.930000	645.400000
480.550000	599.040000	613.900000
479.170000	599.700000	582.350000
476.600000	601.420000	551.030000
474.570000	601.110000	519.900000
472.350000	599.740000	488.630000
469.420000	598.080000	457.250000
465.640000	596.340000	425.980000
460.970000	594.590000	394.850000
456.680000	590.380000	363.960000
450.420000	588.180000	333.130000
443.040000	586.470000	302.520000
434.930000	584.470000	272.060000
424.890000	584.460000	242.130000
412.980000	586.190000	213.240000
400.750000	586.470000	184.410000
387.310000	588.180000	156.120000
373.740000	595.250000	128.720000
374.440000	592.260000	97.688000
380.590000	589.860000	66.936000
386.400000	589.650000	36.062000
565.420000	602.350000	884.800000
565.300000	596.550000	847.920000
572.520000	594.700000	811.660000
582.660000	593.810000	775.420000
593.100000	592.190000	739.300000
600.260000	589.820000	702.470000
606.820000	590.380000	665.400000
611.490000	591.340000	628.080000
614.050000	593.740000	591.190000
613.870000	596.010000	553.980000
610.590000	599.330000	516.720000
603.690000	602.220000	480.150000
592.900000	602.900000	444.290000
578.160000	601.960000	409.710000
562.170000	601.330000	375.810000
545.190000	597.960000	342.570000
527.310000	596.930000	309.410000
508.280000	593.930000	277.070000
488.830000	591.710000	245.790000
469.120000	593.950000	214.370000
447.990000	593.780000	183.470000
426.990000	595.500000	153.150000
411.630000	604.230000	120.530000
415.880000	622.000000	89.086000
422.480000	618.590000	55.504000
414.930000	607.630000	21.296000
