652.510000	424.810000	1220.000000
664.830000	432.610000	1237.600000
677.540000	447.300000	1249.800000
691.510000	462.660000	1252.600000
684.520000	484.370000	1250.100000
683.060000	502.080000	1235.300000
694.170000	516.020000	1221.500000
709.690000	525.220000	1207.900000
720.860000	527.850000	1188.800000
724.290000	527.050000	1166.000000
720.400000	526.290000	1143.600000
710.770000	526.910000	1122.800000
697.950000	528.850000	1103.600000
684.680000	529.980000	1084.600000
672.690000	532.890000	1065.000000
656.140000	535.890000	1050.100000
665.970000	547.600000	1038.100000
674.080000	558.810000	1022.600000
684.050000	566.620000	1006.300000
695.150000	571.590000	989.410000
706.970000	576.310000	973.070000
717.130000	577.660000	955.410000
728.220000	576.940000	937.990000
739.270000	572.000000	921.770000
750.030000	566.210000	905.620000
762.540000	552.060000	898.260000
771.970000	534.670000	898.100000
766.890000	514.810000	895.960000
759.200000	495.810000	892.530000
750.020000	477.900000	888.720000
740.120000	461.180000	882.440000
729.150000	445.870000	874.110000
739.740000	430.320000	869.080000
748.520000	415.230000	857.630000
752.360000	395.450000	850.660000
755.960000	376.660000	842.660000
762.550000	359.160000	833.770000
752.950000	346.760000	822.460000
735.740000	338.400000	817.810000
717.580000	327.840000	818.010000
706.370000	310.060000	817.450000
703.810000	291.050000	826.210000
696.450000	284.180000	843.170000
679.070000	283.800000	853.390000
659.540000	286.820000	860.840000
642.010000	295.280000	868.930000
628.210000	309.220000	874.980000
613.250000	319.530000	876.480000
599.210000	307.980000	885.010000
580.350000	299.070000	885.270000
560.110000	294.900000	885.260000
540.570000	291.230000	890.870000
521.420000	290.730000	897.730000
506.040000	301.610000	903.440000
496.030000	312.770000	917.730000
490.080000	320.140000	936.110000
488.690000	326.190000	955.560000
490.830000	337.090000	972.010000
499.430000	341.630000	989.540000
503.810000	354.740000	1003.900000
505.980000	368.530000	1017.200000
513.250000	378.040000	1034.000000
522.610000	384.320000	1051.000000
531.070000	394.980000	1065.900000
538.500000	378.940000	1081.000000
542.440000	367.040000	1102.500000
548.870000	356.240000	1124.000000
551.230000	347.400000	1146.900000
554.670000	339.040000	1170.200000
556.080000	337.450000	1195.000000
560.280000	344.440000	1217.700000
567.000000	355.640000	1237.500000
579.890000	366.210000	1256.300000
600.740000	372.430000	1267.300000
625.260000	370.540000	1266.500000
647.090000	373.790000	1261.800000
659.000000	393.200000	1253.600000
660.800000	410.250000	1235.500000
658.980000	423.140000	1214.800000
641.270000	429.650000	1201.300000
709.640000	513.590000	1204.500000
706.540000	503.300000	1198.500000
702.970000	494.330000	1190.900000
698.680000	487.400000	1181.800000
693.640000	483.160000	1171.400000
688.950000	480.650000	1160.300000
684.300000	480.090000	1149.000000
678.930000	481.260000	1138.000000
740.710000	564.830000	931.990000
735.290000	558.590000	941.170000
729.560000	551.560000	949.570000
724.250000	542.610000	956.370000
717.000000	532.850000	959.360000
708.340000	523.830000	959.070000
699.970000	514.930000	956.960000
691.130000	507.580000	952.280000
721.000000	323.920000	830.390000
722.650000	325.240000	844.150000
720.760000	328.560000	857.530000
714.810000	334.560000	868.450000
706.750000	343.350000	875.200000
697.920000	354.090000	876.080000
688.900000	364.760000	876.080000
679.050000	374.530000	874.940000
497.890000	315.910000	941.540000
505.400000	317.150000	949.360000
513.470000	319.250000	956.470000
521.800000	324.400000	961.380000
530.530000	328.820000	965.710000
538.830000	335.680000	966.820000
547.010000	342.480000	965.830000
554.280000	350.120000	962.720000
577.710000	354.640000	1229.600000
586.170000	358.070000	1219.900000
591.910000	363.650000	1209.300000
594.890000	369.680000	1197.700000
594.480000	376.040000	1186.000000
593.930000	380.460000	1173.300000
591.060000	384.510000	1160.900000
586.810000	388.560000	1148.900000
664.100000	444.140000	1198.600000
681.510000	462.610000	1187.700000
686.120000	475.390000	1164.400000
652.510000	652.510000	652.510000
667.920000	487.620000	1112.900000
657.040000	501.570000	1092.000000
651.460000	519.330000	1071.700000
652.510000	652.510000	652.510000
662.950000	533.510000	1025.500000
672.260000	526.550000	1000.400000
681.620000	518.140000	975.700000
652.510000	652.510000	652.510000
699.060000	499.320000	927.380000
707.340000	486.280000	904.730000
717.900000	466.710000	888.700000
652.510000	652.510000	652.510000
718.120000	426.990000	875.900000
706.330000	409.060000	872.700000
693.320000	391.670000	875.110000
652.510000	652.510000	652.510000
665.010000	358.790000	869.420000
649.100000	343.680000	869.700000
632.140000	330.900000	875.260000
652.510000	652.510000	652.510000
592.260000	324.720000	894.470000
578.850000	332.190000	915.950000
565.050000	341.080000	938.430000
652.510000	652.510000	652.510000
545.910000	359.760000	988.790000
536.700000	371.590000	1013.500000
530.800000	383.160000	1039.400000
652.510000	652.510000	652.510000
543.940000	401.830000	1085.900000
562.090000	402.150000	1104.500000
576.080000	396.330000	1125.800000
652.510000	652.510000	652.510000
596.810000	383.760000	1173.400000
612.080000	387.850000	1194.500000
629.650000	406.060000	1201.500000
652.510000	652.510000	652.510000
656.160000	488.770000	1102.500000
635.860000	497.960000	1067.100000
621.290000	492.780000	1027.200000
602.180000	495.620000	988.830000
582.520000	505.500000	951.710000
564.090000	517.180000	914.670000
546.420000	528.200000	877.060000
529.400000	537.980000	839.110000
514.230000	547.510000	800.080000
500.420000	557.560000	760.640000
489.020000	564.880000	719.760000
480.550000	571.220000	678.410000
475.860000	581.200000	637.250000
474.210000	589.510000	595.160000
475.070000	592.150000	552.470000
478.720000	589.570000	509.790000
485.710000	583.190000	467.870000
494.810000	575.150000	426.450000
503.810000	568.680000	384.840000
512.840000	561.590000	343.320000
521.960000	554.490000	301.970000
531.070000	548.810000	260.630000
539.690000	548.970000	219.440000
534.660000	578.640000	212.600000
514.700000	606.110000	191.980000
505.460000	603.410000	150.860000
675.220000	495.700000	926.190000
658.180000	486.260000	899.950000
641.010000	488.440000	872.750000
627.280000	498.110000	844.380000
615.990000	507.440000	814.880000
606.410000	515.670000	784.430000
598.970000	523.900000	753.650000
590.250000	528.560000	722.360000
582.180000	531.890000	691.520000
575.360000	534.690000	659.640000
570.590000	535.920000	627.070000
566.650000	536.720000	594.480000
562.470000	536.110000	561.940000
558.750000	535.270000	529.310000
555.460000	534.170000	496.540000
553.450000	533.720000	463.630000
553.410000	533.970000	430.650000
555.090000	534.210000	397.770000
557.850000	533.730000	364.990000
562.940000	533.290000	332.410000
567.790000	531.100000	299.940000
573.320000	527.380000	267.660000
581.590000	525.610000	235.860000
589.220000	533.120000	204.860000
588.470000	547.740000	175.580000
574.550000	564.380000	150.880000
654.670000	391.290000	869.810000
638.880000	402.850000	849.720000
633.200000	408.200000	820.630000
625.930000	414.620000	792.060000
622.990000	418.040000	762.270000
618.620000	422.420000	732.890000
617.710000	424.260000	703.100000
612.090000	429.510000	674.910000
605.640000	435.500000	646.220000
599.690000	441.210000	617.300000
595.220000	445.870000	588.030000
587.590000	453.200000	559.900000
581.620000	459.370000	531.050000
575.000000	466.310000	502.490000
569.620000	472.420000	473.450000
564.820000	478.230000	444.290000
562.560000	481.790000	414.430000
560.700000	485.820000	384.630000
561.550000	488.620000	354.620000
562.570000	490.410000	324.550000
564.410000	491.060000	294.490000
569.990000	489.200000	264.930000
576.880000	487.110000	235.670000
584.640000	485.290000	206.690000
583.570000	488.550000	177.280000
573.490000	498.600000	150.910000
567.370000	370.150000	940.100000
566.350000	388.020000	912.280000
558.860000	402.200000	884.140000
549.390000	413.960000	854.390000
538.550000	422.480000	823.840000
529.740000	430.530000	792.580000
521.910000	437.790000	760.770000
515.590000	445.180000	728.640000
510.490000	452.610000	696.350000
506.030000	459.400000	663.810000
503.430000	466.270000	631.060000
501.450000	471.580000	597.990000
499.730000	475.740000	564.890000
500.720000	480.660000	532.640000
502.990000	485.400000	499.900000
504.730000	488.140000	466.540000
506.840000	489.490000	433.350000
509.320000	489.130000	400.100000
513.330000	488.330000	366.840000
518.710000	487.090000	333.810000
524.870000	484.410000	300.920000
532.340000	481.600000	268.320000
538.750000	476.310000	235.830000
536.830000	468.860000	203.580000
526.970000	469.470000	172.280000
510.450000	482.090000	146.270000
573.850000	406.380000	1111.500000
564.680000	422.240000	1072.900000
566.080000	434.730000	1031.500000
556.890000	450.380000	992.480000
540.430000	466.440000	955.660000
525.160000	481.200000	917.710000
508.950000	494.590000	880.160000
491.480000	506.330000	842.730000
474.410000	516.400000	804.380000
458.000000	525.450000	765.380000
446.710000	532.230000	724.420000
437.980000	536.670000	682.090000
432.440000	539.150000	639.150000
431.880000	540.250000	595.660000
433.840000	539.960000	552.360000
438.160000	538.560000	509.140000
446.900000	536.400000	466.650000
456.010000	533.310000	424.310000
469.670000	529.760000	383.180000
482.920000	525.470000	342.020000
495.330000	520.870000	300.710000
507.100000	516.500000	259.380000
512.090000	511.700000	217.030000
487.350000	515.220000	207.540000
456.370000	530.640000	190.350000
457.680000	543.800000	150.220000
632.950000	435.870000	1157.900000
620.810000	445.210000	1115.700000
604.530000	457.050000	1076.100000
584.270000	471.320000	1039.200000
561.200000	487.640000	1004.200000
538.330000	504.370000	969.430000
515.810000	521.280000	934.470000
494.850000	536.770000	898.220000
474.670000	549.840000	860.340000
455.800000	561.590000	821.190000
441.990000	570.340000	779.320000
430.610000	577.710000	736.430000
424.180000	582.150000	692.180000
422.430000	583.900000	647.330000
424.870000	583.240000	602.420000
427.910000	582.190000	558.500000
440.650000	575.400000	515.850000
452.170000	569.260000	472.830000
466.220000	561.510000	430.740000
480.050000	554.680000	388.620000
491.690000	549.250000	345.570000
503.290000	543.500000	302.470000
513.610000	538.820000	259.540000
518.050000	538.800000	215.070000
495.650000	559.110000	186.580000
483.280000	573.430000	146.740000
648.930000	524.760000	1015.900000
635.950000	520.700000	981.210000
621.860000	520.720000	947.770000
606.270000	524.220000	914.490000
589.920000	531.120000	882.430000
573.950000	539.530000	850.260000
559.840000	546.470000	816.580000
547.680000	553.620000	782.290000
537.120000	557.780000	746.790000
528.360000	562.730000	711.200000
520.870000	565.580000	675.080000
515.130000	569.970000	638.650000
512.290000	575.100000	601.800000
511.670000	575.670000	564.440000
512.200000	574.340000	527.320000
514.010000	571.590000	490.320000
517.800000	568.700000	453.320000
522.200000	563.850000	416.500000
529.490000	560.200000	380.050000
537.960000	555.490000	343.990000
547.160000	549.510000	308.220000
556.150000	544.060000	272.410000
562.930000	542.260000	235.800000
569.140000	550.760000	200.990000
566.850000	578.950000	178.360000
545.080000	587.980000	150.860000
700.260000	437.240000	878.060000
674.500000	437.530000	863.040000
663.150000	444.880000	836.680000
656.380000	451.830000	809.210000
651.950000	458.690000	779.870000
644.680000	464.650000	750.440000
640.800000	471.440000	720.280000
634.520000	477.290000	690.440000
626.420000	481.700000	660.690000
618.280000	485.990000	630.920000
608.290000	489.240000	601.580000
600.180000	492.850000	571.690000
593.390000	496.370000	541.560000
584.730000	498.270000	511.680000
578.200000	500.460000	481.310000
572.390000	502.280000	450.770000
568.710000	504.160000	419.940000
566.520000	505.770000	388.920000
566.760000	507.180000	357.810000
568.220000	508.100000	326.810000
570.890000	508.630000	295.760000
575.990000	508.070000	265.060000
582.420000	508.550000	234.600000
589.820000	510.320000	204.450000
583.450000	518.510000	175.450000
573.860000	530.150000	148.960000
609.960000	346.200000	885.470000
602.450000	375.160000	876.790000
595.740000	388.220000	850.520000
590.580000	390.180000	820.830000
584.780000	393.830000	790.380000
578.950000	396.750000	759.630000
573.310000	401.280000	729.210000
568.110000	408.490000	699.090000
563.720000	413.350000	668.390000
558.720000	422.130000	638.650000
554.060000	431.060000	609.120000
550.030000	439.980000	579.260000
546.310000	447.570000	548.940000
544.110000	456.870000	518.990000
541.830000	463.310000	488.320000
540.880000	470.590000	457.730000
540.210000	475.710000	426.690000
540.330000	479.730000	395.510000
541.340000	482.750000	364.190000
543.260000	484.430000	332.840000
546.210000	484.520000	301.570000
550.390000	482.980000	270.450000
556.490000	479.210000	239.830000
560.270000	473.160000	209.180000
556.760000	479.240000	179.340000
547.150000	491.290000	152.160000
536.790000	398.950000	1029.700000
538.100000	405.900000	993.200000
533.210000	415.490000	956.890000
524.690000	427.580000	921.770000
512.360000	440.390000	888.240000
497.890000	453.740000	855.640000
483.690000	465.800000	822.390000
469.690000	475.070000	788.740000
461.270000	486.330000	754.280000
451.310000	493.250000	718.160000
444.820000	499.460000	681.220000
442.110000	504.940000	643.620000
441.460000	507.650000	605.590000
443.570000	510.760000	567.680000
448.830000	513.120000	529.990000
454.870000	513.020000	492.310000
463.150000	512.450000	455.110000
472.460000	510.780000	418.380000
483.400000	509.050000	382.000000
494.350000	505.580000	345.700000
504.940000	500.210000	309.570000
514.730000	495.440000	273.010000
522.280000	490.360000	235.970000
522.320000	483.320000	199.240000
496.750000	486.130000	173.710000
483.480000	507.080000	147.050000
