744.960000	477.460000	1302.000000
768.460000	460.460000	1317.000000
792.170000	439.220000	1313.400000
809.910000	420.250000	1295.000000
813.100000	405.830000	1266.600000
803.250000	397.560000	1237.000000
789.440000	382.330000	1211.900000
779.890000	357.340000	1193.900000
755.280000	341.170000	1186.100000
723.350000	340.920000	1189.600000
696.870000	321.930000	1191.300000
679.400000	294.130000	1191.100000
663.600000	267.620000	1199.700000
640.450000	252.650000	1214.200000
610.400000	263.170000	1217.400000
596.230000	284.240000	1200.200000
591.320000	249.200000	1209.000000
592.070000	213.690000	1203.400000
582.220000	190.150000	1178.600000
556.630000	176.900000	1155.900000
526.550000	158.620000	1145.600000
494.000000	158.400000	1129.500000
458.300000	155.550000	1122.100000
425.590000	149.910000	1132.900000
396.950000	144.570000	1152.000000
383.830000	141.850000	1186.000000
368.450000	160.430000	1206.500000
359.160000	183.410000	1182.700000
350.370000	218.450000	1181.700000
339.050000	248.690000	1197.100000
334.410000	282.270000	1197.400000
339.820000	315.020000	1183.300000
319.280000	310.880000	1212.300000
282.440000	310.020000	1215.300000
246.840000	312.390000	1202.900000
213.210000	326.420000	1194.500000
185.850000	348.920000	1192.100000
176.710000	367.680000	1166.800000
178.270000	397.780000	1146.900000
182.730000	432.810000	1133.400000
177.690000	469.790000	1138.300000
175.750000	501.490000	1158.500000
183.140000	526.120000	1185.600000
198.040000	552.640000	1207.600000
226.230000	571.920000	1222.500000
263.190000	578.070000	1225.500000
298.150000	579.330000	1210.600000
317.830000	572.910000	1181.200000
305.390000	604.490000	1193.700000
295.050000	637.170000	1188.900000
297.140000	665.500000	1167.200000
307.790000	697.260000	1155.700000
317.020000	729.690000	1155.900000
338.820000	737.550000	1128.400000
365.460000	742.330000	1105.400000
400.000000	749.410000	1103.900000
432.390000	761.220000	1109.700000
458.390000	769.470000	1133.600000
479.870000	772.760000	1162.500000
498.690000	772.330000	1192.200000
517.850000	748.610000	1183.300000
531.260000	716.360000	1179.100000
544.920000	685.980000	1190.000000
556.720000	652.500000	1189.900000
560.280000	677.450000	1206.900000
584.810000	698.120000	1209.900000
615.040000	704.940000	1204.000000
639.300000	687.780000	1191.900000
659.620000	662.770000	1185.000000
689.990000	651.290000	1181.300000
720.480000	638.980000	1180.300000
744.730000	620.470000	1189.500000
763.280000	603.550000	1208.200000
782.080000	593.710000	1233.500000
795.450000	588.890000	1262.900000
790.940000	572.540000	1288.900000
776.820000	543.560000	1295.800000
759.230000	518.260000	1305.800000
736.680000	495.680000	1311.700000
719.300000	486.400000	1288.500000
770.470000	351.570000	1209.800000
760.880000	345.740000	1225.500000
750.290000	340.800000	1240.900000
738.560000	336.990000	1255.700000
723.600000	337.700000	1267.700000
706.940000	341.760000	1276.400000
690.090000	350.160000	1279.700000
675.780000	362.550000	1276.900000
432.550000	156.010000	1150.500000
438.200000	163.650000	1168.000000
443.600000	172.890000	1184.600000
448.520000	185.850000	1198.500000
452.690000	202.310000	1208.700000
455.560000	221.140000	1214.000000
456.620000	240.670000	1217.100000
460.130000	259.230000	1213.500000
182.250000	433.600000	1156.800000
187.680000	434.440000	1179.800000
197.720000	435.520000	1201.100000
211.850000	436.800000	1219.500000
230.310000	438.210000	1233.300000
252.580000	439.660000	1240.600000
275.800000	441.010000	1240.700000
298.520000	442.090000	1234.600000
400.660000	743.150000	1123.100000
398.240000	737.680000	1142.900000
397.560000	728.310000	1161.400000
398.280000	716.850000	1178.300000
401.740000	700.290000	1189.700000
407.520000	682.410000	1197.900000
415.640000	664.030000	1202.100000
424.710000	646.490000	1199.100000
737.400000	622.670000	1208.100000
728.220000	627.590000	1225.400000
717.690000	630.530000	1242.400000
705.520000	631.150000	1258.500000
689.900000	626.310000	1270.200000
672.860000	617.770000	1276.700000
656.830000	605.670000	1278.100000
643.090000	592.140000	1272.100000
713.820000	455.900000	1298.000000
702.720000	423.090000	1297.400000
690.220000	391.700000	1288.800000
744.960000	744.960000	744.960000
656.510000	336.640000	1264.200000
635.180000	315.250000	1246.900000
612.120000	298.510000	1226.800000
744.960000	744.960000	744.960000
564.260000	271.500000	1205.200000
530.170000	262.490000	1207.700000
495.380000	258.270000	1212.100000
744.960000	744.960000	744.960000
425.780000	266.450000	1212.600000
393.420000	279.340000	1207.000000
364.010000	296.440000	1198.000000
744.960000	744.960000	744.960000
330.990000	341.050000	1207.000000
316.270000	371.500000	1222.000000
304.950000	405.580000	1231.200000
744.960000	744.960000	744.960000
297.460000	478.810000	1232.600000
301.750000	514.370000	1222.700000
310.780000	546.730000	1206.700000
744.960000	744.960000	744.960000
340.000000	593.720000	1189.700000
365.540000	615.760000	1192.500000
394.090000	633.120000	1198.100000
744.960000	744.960000	744.960000
457.380000	654.980000	1199.900000
490.580000	659.190000	1195.200000
524.280000	659.050000	1191.800000
744.960000	744.960000	744.960000
574.650000	643.010000	1216.600000
598.070000	629.220000	1237.400000
620.440000	612.420000	1257.000000
744.960000	744.960000	744.960000
664.740000	568.780000	1284.300000
684.630000	542.500000	1293.100000
700.950000	512.850000	1297.600000
744.960000	744.960000	744.960000
645.640000	380.430000	1245.100000
631.180000	394.610000	1201.800000
624.330000	404.110000	1155.700000
623.580000	409.580000	1108.000000
621.550000	414.760000	1060.200000
623.010000	418.940000	1012.200000
628.510000	420.410000	964.300000
634.110000	420.430000	916.460000
640.240000	418.510000	868.670000
644.350000	417.270000	820.730000
647.340000	415.620000	772.660000
647.820000	414.530000	724.480000
646.720000	413.020000	676.290000
642.740000	411.900000	628.230000
637.960000	409.260000	580.310000
628.100000	408.100000	533.150000
616.950000	405.250000	486.370000
602.910000	402.350000	440.310000
585.810000	401.550000	395.250000
566.180000	402.490000	351.180000
546.710000	403.720000	307.270000
527.980000	404.110000	263.230000
523.300000	400.440000	216.330000
547.130000	392.610000	175.830000
559.750000	382.190000	133.070000
521.160000	390.710000	116.250000
469.370000	295.110000	1193.700000
473.690000	309.830000	1153.800000
478.640000	318.610000	1112.500000
483.070000	326.100000	1070.800000
486.770000	333.170000	1028.800000
491.360000	338.350000	986.650000
495.960000	345.960000	944.740000
499.670000	349.040000	902.190000
502.860000	353.350000	859.690000
505.300000	357.640000	817.150000
507.450000	357.030000	775.740000
508.000000	361.640000	733.450000
507.660000	364.090000	690.750000
506.440000	364.170000	647.930000
504.210000	363.580000	605.340000
500.290000	366.080000	562.960000
493.600000	372.100000	521.160000
485.610000	376.460000	479.490000
475.060000	383.680000	438.620000
462.810000	390.600000	398.240000
447.750000	391.960000	358.200000
434.960000	394.000000	317.460000
432.110000	396.610000	275.840000
438.220000	376.030000	240.730000
445.960000	352.920000	206.330000
451.570000	356.320000	165.210000
326.640000	444.850000	1204.600000
333.590000	444.640000	1163.100000
336.340000	443.130000	1121.000000
337.780000	441.380000	1079.000000
342.210000	440.540000	1037.000000
347.380000	439.920000	995.140000
350.390000	438.920000	953.050000
354.730000	438.920000	911.090000
360.440000	438.970000	869.250000
365.050000	438.910000	827.320000
368.150000	438.860000	785.260000
370.560000	438.570000	743.190000
373.740000	437.300000	701.120000
372.980000	436.920000	658.930000
369.510000	436.980000	617.090000
365.500000	436.340000	575.090000
360.100000	435.300000	533.360000
355.510000	433.030000	491.540000
351.500000	430.690000	449.800000
349.110000	430.350000	407.710000
348.630000	429.620000	365.540000
351.210000	429.530000	323.700000
351.110000	428.410000	281.620000
357.210000	428.120000	239.850000
374.280000	428.490000	201.650000
401.550000	430.720000	169.560000
441.310000	616.620000	1176.100000
451.400000	598.090000	1138.800000
459.080000	589.050000	1097.300000
465.220000	581.150000	1055.700000
469.630000	569.220000	1014.600000
474.100000	562.520000	972.090000
478.160000	555.230000	929.670000
481.730000	548.880000	887.100000
484.790000	542.920000	844.480000
487.280000	538.190000	801.570000
489.260000	533.890000	758.630000
490.690000	528.800000	715.720000
491.500000	523.580000	673.360000
491.640000	518.190000	630.580000
489.790000	511.490000	587.920000
486.040000	504.700000	545.480000
479.520000	494.550000	503.960000
471.080000	484.760000	462.700000
461.350000	477.060000	421.250000
449.860000	472.440000	380.100000
437.260000	472.560000	338.750000
431.030000	472.410000	296.090000
430.460000	477.150000	253.810000
435.540000	505.440000	221.480000
436.950000	522.270000	182.800000
439.100000	496.350000	151.990000
621.470000	562.240000	1242.400000
612.500000	542.400000	1199.800000
610.020000	529.880000	1153.400000
610.790000	521.360000	1106.000000
612.930000	514.340000	1058.400000
616.950000	508.430000	1010.800000
622.460000	505.230000	963.440000
628.540000	504.180000	915.620000
633.750000	503.830000	867.760000
638.090000	504.430000	819.750000
639.830000	503.360000	771.710000
640.090000	502.580000	723.600000
637.720000	500.280000	675.990000
633.880000	498.810000	628.050000
627.790000	497.180000	580.320000
618.750000	494.650000	533.360000
606.750000	492.100000	486.860000
592.000000	487.390000	441.460000
576.490000	483.760000	396.080000
559.950000	480.860000	351.220000
540.250000	475.510000	307.750000
522.850000	474.000000	263.660000
518.140000	476.450000	215.760000
535.400000	494.230000	176.380000
548.980000	506.910000	133.730000
513.900000	493.370000	112.240000
675.940000	479.970000	1269.800000
660.550000	477.240000	1224.200000
660.910000	475.970000	1175.200000
662.870000	474.920000	1126.100000
667.660000	474.390000	1077.200000
672.540000	473.380000	1028.400000
677.000000	472.090000	979.490000
681.990000	470.760000	930.650000
686.220000	469.340000	881.740000
689.090000	467.770000	832.760000
690.220000	466.010000	783.720000
688.170000	463.950000	734.690000
686.110000	461.820000	685.680000
681.070000	459.410000	637.260000
672.630000	456.680000	589.080000
663.810000	454.350000	540.990000
650.920000	452.050000	493.770000
627.630000	449.230000	453.890000
620.040000	447.640000	407.510000
599.830000	445.240000	362.860000
578.880000	442.980000	318.630000
558.740000	441.000000	273.930000
543.940000	439.640000	227.280000
549.300000	439.520000	178.770000
542.310000	438.030000	137.620000
520.230000	436.310000	117.100000
578.660000	319.850000	1186.000000
575.460000	341.700000	1148.300000
577.420000	352.380000	1105.900000
580.390000	359.640000	1062.600000
583.060000	366.460000	1019.400000
588.040000	369.400000	975.970000
593.620000	370.230000	932.630000
598.600000	370.390000	889.000000
602.470000	370.240000	845.220000
605.740000	368.510000	801.400000
606.460000	368.400000	759.320000
604.780000	370.850000	715.590000
602.480000	372.080000	673.150000
599.090000	371.970000	629.660000
594.080000	369.300000	586.170000
586.730000	371.150000	543.120000
577.950000	372.000000	500.070000
567.390000	373.500000	457.560000
554.500000	376.410000	415.730000
538.770000	381.080000	374.940000
519.910000	385.080000	335.450000
501.370000	390.310000	295.990000
491.930000	390.490000	253.290000
497.380000	377.460000	212.380000
507.200000	356.900000	175.270000
490.310000	372.880000	141.880000
368.370000	342.570000	1176.900000
385.780000	357.470000	1143.500000
395.650000	364.500000	1104.500000
399.770000	365.960000	1063.500000
403.150000	366.130000	1022.300000
411.090000	371.340000	982.750000
414.100000	372.390000	943.350000
413.870000	370.340000	903.260000
419.020000	374.960000	862.850000
421.020000	376.760000	821.520000
422.450000	378.740000	780.150000
422.480000	379.610000	738.730000
422.280000	381.230000	697.390000
420.510000	380.830000	656.130000
418.690000	381.530000	614.790000
416.020000	381.310000	573.430000
411.100000	384.240000	532.500000
404.330000	383.020000	491.670000
397.100000	384.530000	450.910000
389.090000	387.830000	410.550000
380.180000	393.340000	370.490000
373.120000	398.500000	330.180000
376.160000	401.090000	289.110000
387.590000	399.510000	249.400000
409.150000	388.610000	216.490000
425.560000	387.040000	179.380000
349.240000	550.640000	1171.900000
368.430000	537.330000	1139.100000
378.390000	531.160000	1100.200000
385.050000	527.230000	1060.300000
389.800000	525.710000	1019.800000
394.990000	522.410000	979.390000
400.720000	517.930000	941.040000
404.840000	514.160000	900.940000
408.520000	510.040000	860.590000
409.800000	507.380000	819.980000
412.150000	502.960000	779.430000
412.110000	500.440000	738.680000
411.860000	497.750000	697.940000
410.680000	496.300000	657.490000
408.770000	491.660000	617.050000
405.700000	486.710000	576.630000
401.330000	484.170000	536.100000
396.420000	480.460000	495.690000
390.450000	477.800000	455.560000
384.060000	471.640000	415.720000
375.120000	466.920000	376.310000
371.780000	461.150000	336.140000
376.390000	456.910000	295.820000
386.450000	457.780000	256.300000
396.590000	468.670000	218.410000
410.080000	470.910000	180.920000
548.940000	614.840000	1180.700000
545.840000	590.570000	1144.500000
549.220000	576.230000	1103.300000
554.020000	565.720000	1061.100000
558.230000	556.960000	1018.800000
563.030000	550.390000	975.880000
569.050000	547.570000	932.490000
574.770000	545.480000	889.120000
580.230000	544.310000	845.680000
584.590000	542.240000	802.030000
588.020000	540.000000	758.510000
590.010000	536.550000	714.830000
591.260000	533.950000	671.190000
589.530000	529.540000	627.580000
585.450000	526.420000	584.090000
578.440000	523.080000	540.900000
568.540000	519.210000	498.430000
555.210000	511.320000	457.770000
539.890000	504.540000	417.180000
523.610000	497.910000	378.280000
508.460000	492.030000	337.710000
495.760000	486.930000	295.990000
486.750000	485.040000	253.160000
487.790000	498.390000	211.560000
492.240000	518.880000	173.690000
475.960000	506.270000	142.410000
