464.070000	644.660000	396.120000
456.790000	648.400000	398.190000
450.880000	654.420000	399.930000
446.140000	661.400000	401.480000
444.180000	669.720000	401.590000
444.790000	678.230000	401.660000
447.560000	686.360000	401.080000
452.230000	692.920000	400.340000
460.380000	695.300000	400.980000
468.580000	697.760000	401.510000
476.920000	697.960000	403.080000
485.020000	695.410000	401.980000
492.650000	694.370000	398.330000
498.980000	690.650000	394.100000
504.630000	686.560000	389.480000
509.350000	681.760000	384.320000
514.840000	693.830000	384.160000
516.820000	705.980000	389.100000
513.080000	717.210000	395.110000
511.970000	727.380000	403.340000
514.260000	735.830000	413.510000
517.350000	741.650000	424.990000
518.080000	743.750000	438.080000
520.510000	740.820000	450.670000
523.250000	731.120000	458.590000
524.690000	718.510000	460.830000
532.920000	707.980000	461.780000
542.860000	699.510000	459.270000
550.520000	692.790000	451.080000
556.650000	688.360000	440.090000
560.340000	683.190000	428.490000
563.880000	672.580000	421.320000
567.420000	675.460000	436.040000
569.670000	677.480000	451.220000
577.950000	678.310000	464.020000
585.340000	675.860000	477.070000
587.470000	669.480000	490.580000
594.390000	658.820000	498.000000
599.640000	648.730000	506.790000
600.950000	633.330000	508.570000
599.330000	618.240000	506.340000
594.050000	606.550000	498.550000
589.300000	596.880000	487.910000
587.770000	589.740000	475.010000
579.060000	589.870000	462.700000
572.600000	594.850000	449.460000
569.110000	595.280000	434.440000
565.230000	598.730000	419.810000
564.760000	586.540000	424.930000
561.880000	577.840000	433.810000
559.170000	573.920000	446.110000
553.850000	568.790000	457.030000
545.830000	562.650000	465.220000
536.040000	554.110000	466.800000
526.520000	544.920000	466.790000
515.410000	539.630000	462.790000
505.370000	534.990000	456.170000
498.540000	539.970000	446.060000
493.760000	547.250000	436.220000
490.870000	554.810000	425.770000
489.850000	563.240000	415.840000
493.730000	571.130000	406.020000
498.930000	579.440000	397.640000
499.940000	591.470000	393.540000
492.390000	589.690000	397.620000
486.100000	587.650000	403.210000
479.510000	586.200000	408.330000
471.310000	583.440000	408.210000
462.660000	584.010000	406.730000
454.440000	585.130000	404.210000
447.130000	588.970000	401.110000
440.250000	593.820000	399.910000
437.120000	601.810000	400.630000
435.250000	610.410000	401.360000
435.910000	618.900000	399.210000
438.930000	626.540000	396.440000
446.260000	631.070000	394.680000
453.860000	634.700000	393.170000
462.090000	637.720000	392.110000
469.940000	641.580000	390.820000
455.950000	689.520000	398.110000
459.810000	685.820000	396.810000
463.760000	682.150000	397.320000
467.450000	678.980000	396.230000
471.670000	675.600000	395.410000
475.860000	672.540000	393.480000
480.350000	669.580000	392.430000
484.680000	667.110000	390.030000
524.020000	734.360000	445.530000
525.310000	725.360000	440.480000
526.700000	716.510000	435.170000
528.430000	707.970000	429.480000
528.990000	699.090000	424.100000
529.600000	690.440000	418.600000
530.750000	682.160000	412.430000
532.230000	674.490000	405.530000
600.290000	634.080000	498.160000
595.030000	634.580000	488.080000
589.390000	635.000000	478.230000
583.570000	635.390000	468.510000
579.340000	635.630000	457.960000
575.680000	635.800000	447.190000
571.300000	635.890000	436.710000
566.170000	635.690000	426.580000
518.830000	544.070000	455.670000
521.100000	551.020000	449.620000
522.820000	558.270000	443.770000
524.200000	565.690000	438.040000
526.330000	572.040000	431.270000
528.120000	578.580000	424.600000
529.540000	585.450000	418.170000
531.090000	592.180000	411.620000
444.890000	596.170000	397.120000
449.560000	599.030000	397.450000
454.550000	601.970000	397.810000
459.510000	604.830000	398.150000
464.770000	607.450000	397.630000
470.120000	609.880000	397.140000
475.090000	611.650000	394.940000
480.280000	613.610000	392.930000
472.330000	648.610000	390.920000
475.670000	655.210000	390.220000
479.700000	661.540000	390.040000
464.070000	464.070000	464.070000
489.970000	672.190000	388.690000
496.280000	676.030000	387.640000
502.420000	679.090000	385.330000
464.070000	464.070000	464.070000
516.720000	683.160000	384.680000
521.260000	679.910000	391.930000
526.130000	676.920000	399.110000
464.070000	464.070000	464.070000
538.920000	672.500000	411.460000
547.020000	672.370000	415.360000
555.890000	673.590000	417.490000
464.070000	464.070000	464.070000
566.220000	663.490000	423.030000
564.960000	654.560000	425.860000
565.090000	645.130000	426.920000
464.070000	464.070000	464.070000
567.160000	626.300000	425.350000
566.000000	616.970000	424.680000
566.420000	607.860000	422.220000
464.070000	464.070000	464.070000
557.610000	594.880000	418.410000
548.500000	594.070000	416.860000
539.340000	594.060000	415.520000
464.070000	464.070000	464.070000
522.680000	591.080000	407.700000
514.260000	590.750000	403.830000
507.410000	589.280000	397.660000
464.070000	464.070000	464.070000
494.270000	596.070000	392.570000
489.260000	601.590000	393.570000
484.500000	607.400000	393.320000
464.070000	464.070000	464.070000
476.630000	620.140000	392.210000
473.780000	627.110000	391.940000
471.490000	634.210000	391.060000
464.070000	464.070000	464.070000
492.930000	662.630000	384.860000
501.050000	658.240000	379.690000
507.810000	653.110000	373.520000
511.850000	649.040000	364.580000
513.540000	646.300000	354.350000
513.740000	644.070000	343.850000
513.040000	641.880000	333.360000
511.310000	640.430000	322.860000
509.430000	638.340000	312.500000
507.150000	637.330000	302.050000
505.050000	635.880000	291.620000
502.860000	634.610000	281.190000
500.600000	633.440000	270.760000
498.460000	632.120000	260.320000
495.870000	631.390000	249.920000
493.370000	630.520000	239.510000
491.450000	629.110000	229.040000
489.360000	628.030000	218.680000
487.250000	627.090000	208.220000
485.280000	626.210000	197.700000
481.570000	626.470000	187.700000
476.110000	626.420000	178.500000
471.360000	625.540000	169.020000
468.160000	624.900000	159.250000
473.940000	624.470000	151.890000
484.320000	622.260000	153.060000
533.530000	668.480000	398.700000
533.820000	662.700000	391.490000
534.790000	658.230000	383.590000
536.400000	655.190000	375.010000
537.440000	652.420000	366.290000
538.180000	650.640000	357.270000
538.110000	649.020000	348.210000
537.350000	647.040000	339.230000
536.470000	645.530000	330.190000
534.300000	644.900000	321.600000
532.050000	643.560000	313.110000
529.270000	640.340000	304.890000
526.950000	639.280000	296.070000
524.620000	638.140000	287.300000
522.130000	636.610000	278.680000
519.760000	635.530000	269.850000
517.350000	634.460000	261.040000
514.920000	633.410000	252.320000
512.530000	632.640000	243.420000
510.380000	632.410000	234.570000
508.400000	632.800000	225.560000
505.700000	632.720000	216.720000
503.320000	632.940000	207.770000
500.710000	634.450000	199.030000
498.660000	633.780000	190.150000
496.830000	632.980000	181.130000
562.100000	635.910000	417.920000
557.230000	635.550000	409.750000
553.770000	635.050000	400.830000
550.400000	634.570000	391.850000
550.880000	633.680000	382.430000
552.630000	632.730000	373.040000
554.710000	631.930000	363.680000
555.300000	631.170000	354.170000
555.610000	630.250000	344.650000
554.130000	628.880000	335.290000
552.240000	627.950000	325.910000
548.800000	626.780000	317.060000
546.030000	625.680000	307.920000
542.530000	624.560000	299.060000
538.790000	623.500000	290.320000
535.460000	622.430000	281.360000
532.290000	621.350000	272.350000
529.940000	620.200000	263.100000
526.060000	619.170000	254.360000
523.350000	618.050000	245.320000
520.100000	616.960000	236.440000
517.180000	615.870000	227.410000
514.770000	614.810000	218.170000
512.850000	613.830000	208.840000
511.380000	612.950000	199.440000
511.790000	612.220000	190.070000
531.990000	598.270000	404.600000
532.490000	604.930000	398.070000
532.770000	610.320000	390.410000
534.570000	613.150000	381.700000
536.970000	614.260000	372.730000
538.900000	614.160000	363.580000
539.030000	614.130000	354.200000
538.690000	613.460000	344.860000
537.700000	613.040000	335.570000
535.400000	612.750000	326.520000
532.970000	611.220000	317.660000
530.140000	610.790000	308.730000
527.440000	609.950000	299.800000
524.720000	609.150000	290.860000
521.970000	608.520000	281.930000
519.340000	607.400000	273.030000
516.590000	606.760000	264.120000
513.810000	606.180000	255.190000
511.290000	604.580000	246.300000
508.770000	603.030000	237.410000
506.080000	602.030000	228.520000
503.670000	599.480000	219.870000
501.570000	597.330000	211.150000
499.440000	594.090000	202.640000
497.750000	592.150000	193.730000
496.400000	592.580000	184.480000
489.880000	616.070000	390.000000
497.880000	618.250000	383.990000
504.860000	620.760000	376.960000
508.610000	621.040000	367.320000
510.400000	620.770000	357.100000
510.520000	619.860000	346.750000
509.860000	619.120000	336.420000
508.730000	618.640000	326.100000
506.900000	618.150000	315.860000
504.580000	616.930000	305.810000
502.990000	616.680000	295.630000
500.740000	615.510000	285.580000
498.190000	613.940000	275.640000
495.710000	612.470000	265.650000
493.590000	611.420000	255.520000
491.270000	610.100000	245.460000
489.160000	608.940000	235.360000
487.050000	607.700000	225.270000
485.110000	606.490000	215.120000
483.110000	605.090000	205.050000
480.310000	602.950000	195.270000
476.710000	600.960000	185.820000
472.020000	599.290000	176.840000
469.770000	598.250000	167.080000
473.210000	597.230000	157.920000
483.180000	596.060000	158.190000
481.630000	640.930000	389.610000
491.290000	639.880000	382.990000
499.550000	638.060000	374.960000
503.690000	636.370000	364.140000
503.460000	634.900000	352.520000
503.170000	633.380000	340.820000
501.990000	632.000000	329.170000
501.190000	630.720000	317.480000
499.680000	629.360000	305.890000
497.610000	627.980000	294.340000
495.230000	626.610000	282.890000
492.900000	625.250000	271.440000
489.870000	623.960000	260.150000
487.260000	622.600000	248.790000
485.420000	621.110000	237.240000
484.200000	619.540000	225.620000
482.900000	618.010000	214.020000
481.870000	616.540000	202.390000
479.210000	615.220000	191.010000
473.350000	613.820000	180.970000
466.940000	612.500000	171.160000
462.610000	611.610000	160.480000
462.180000	610.030000	148.960000
467.700000	608.470000	139.290000
475.330000	608.330000	137.980000
484.740000	607.830000	145.010000
513.520000	673.010000	382.220000
517.590000	663.910000	381.160000
521.160000	655.570000	377.520000
524.350000	651.400000	369.080000
526.040000	649.490000	359.460000
526.700000	646.960000	350.090000
526.950000	643.550000	342.820000
526.150000	645.000000	333.410000
525.310000	643.100000	323.610000
522.900000	641.550000	314.000000
520.420000	640.870000	304.290000
517.980000	639.650000	294.630000
515.530000	638.240000	285.000000
513.060000	637.000000	275.350000
510.550000	635.890000	265.700000
508.030000	634.900000	256.040000
505.480000	633.900000	246.390000
502.870000	633.780000	236.700000
500.240000	633.220000	227.060000
497.390000	633.760000	217.540000
494.870000	632.840000	207.920000
492.180000	632.990000	198.260000
489.030000	632.890000	188.800000
484.520000	632.480000	180.140000
482.490000	635.290000	172.040000
488.830000	633.550000	165.850000
559.120000	666.750000	414.960000
553.570000	661.260000	408.920000
547.950000	655.540000	403.160000
543.290000	650.220000	396.520000
541.450000	646.770000	387.660000
540.880000	643.950000	378.300000
542.670000	642.790000	368.700000
544.950000	642.010000	359.130000
546.400000	641.240000	349.430000
546.030000	639.980000	339.670000
544.710000	638.600000	330.220000
542.780000	637.200000	320.750000
540.510000	635.900000	311.250000
538.180000	634.990000	301.690000
535.000000	633.510000	292.470000
531.690000	632.190000	283.250000
528.470000	631.070000	273.990000
525.190000	629.640000	264.830000
522.570000	628.710000	255.360000
520.200000	627.840000	245.810000
517.270000	626.490000	236.490000
514.770000	625.470000	227.060000
512.310000	624.510000	217.690000
510.990000	624.260000	207.940000
511.430000	624.920000	198.290000
513.070000	626.200000	188.670000
558.950000	604.000000	414.170000
552.290000	610.250000	410.280000
546.460000	615.870000	404.560000
541.590000	620.930000	397.590000
539.160000	623.980000	388.670000
540.000000	624.050000	378.830000
542.520000	622.850000	369.270000
545.620000	621.280000	359.950000
547.420000	619.450000	350.360000
547.050000	618.710000	340.460000
545.670000	618.050000	330.660000
543.450000	617.500000	320.970000
540.760000	616.800000	311.420000
537.510000	616.290000	302.020000
533.980000	615.650000	292.730000
530.260000	614.920000	283.530000
526.560000	613.940000	274.340000
523.480000	612.450000	264.990000
520.220000	611.410000	255.690000
517.120000	610.390000	246.350000
514.340000	609.240000	236.890000
511.880000	607.940000	227.390000
509.310000	606.650000	217.940000
506.990000	604.920000	208.420000
510.150000	601.960000	200.730000
511.880000	599.210000	191.860000
505.690000	599.610000	392.000000
511.490000	607.240000	389.010000
517.050000	613.420000	383.390000
521.440000	616.020000	374.920000
524.050000	616.200000	365.160000
525.050000	615.130000	355.210000
525.460000	614.580000	345.120000
524.890000	613.430000	335.080000
523.680000	612.870000	325.070000
521.240000	611.540000	315.340000
518.900000	611.150000	305.520000
516.490000	610.520000	295.740000
514.020000	609.680000	285.970000
511.490000	608.420000	276.260000
508.930000	607.180000	266.550000
506.350000	606.090000	256.900000
503.690000	604.310000	247.310000
501.040000	602.820000	237.670000
498.540000	601.610000	227.970000
495.760000	599.240000	218.540000
493.090000	597.090000	209.040000
489.370000	594.460000	200.060000
485.270000	592.440000	191.120000
482.490000	589.580000	182.160000
481.630000	584.850000	178.370000
486.580000	588.320000	170.500000
