188.190000	306.430000	1224.100000
199.320000	312.370000	1242.600000
204.730000	327.300000	1258.500000
212.490000	347.880000	1262.900000
215.730000	368.250000	1255.900000
221.360000	389.200000	1250.800000
225.530000	403.430000	1234.000000
228.360000	414.570000	1216.000000
232.080000	419.840000	1194.100000
239.150000	422.540000	1173.300000
242.760000	421.240000	1150.500000
246.150000	419.010000	1127.600000
246.230000	418.850000	1104.400000
248.510000	414.800000	1082.000000
244.440000	402.550000	1064.300000
234.090000	414.320000	1049.500000
247.040000	406.930000	1060.800000
260.760000	416.900000	1072.400000
276.650000	425.140000	1082.300000
294.660000	431.180000	1090.300000
313.110000	436.460000	1097.700000
332.510000	439.000000	1102.200000
352.540000	435.310000	1103.200000
371.410000	427.620000	1102.200000
387.240000	416.290000	1096.000000
400.270000	403.120000	1087.100000
406.990000	392.190000	1071.600000
412.140000	382.640000	1054.100000
413.990000	374.410000	1035.700000
411.180000	365.420000	1017.500000
411.290000	356.550000	999.310000
418.640000	354.650000	980.700000
393.000000	345.760000	994.260000
400.530000	353.100000	1019.000000
415.620000	343.590000	1042.900000
425.050000	332.030000	1069.000000
434.180000	310.910000	1087.600000
445.180000	283.830000	1094.500000
462.360000	260.980000	1091.900000
462.340000	235.660000	1076.400000
453.270000	207.950000	1076.600000
430.250000	189.240000	1079.600000
400.590000	185.650000	1075.100000
380.170000	175.780000	1056.400000
371.100000	161.980000	1031.900000
356.280000	158.080000	1005.600000
349.360000	171.410000	983.030000
357.570000	172.820000	959.790000
346.630000	171.540000	978.210000
344.770000	162.800000	998.400000
338.990000	155.420000	1018.300000
335.400000	146.720000	1038.200000
330.040000	136.820000	1056.700000
315.060000	124.170000	1065.900000
297.450000	113.090000	1068.800000
275.610000	112.470000	1068.100000
254.270000	117.580000	1069.100000
234.590000	126.980000	1071.900000
217.490000	139.810000	1069.500000
203.610000	155.760000	1063.200000
190.430000	171.680000	1055.900000
181.270000	189.710000	1047.300000
175.390000	209.210000	1040.000000
161.070000	222.970000	1030.300000
175.820000	221.440000	1048.700000
175.300000	208.640000	1071.300000
179.690000	202.300000	1095.300000
184.200000	198.870000	1120.500000
182.440000	193.750000	1145.800000
176.950000	191.630000	1170.900000
175.900000	195.930000	1196.300000
183.320000	206.610000	1217.100000
194.310000	227.450000	1227.500000
201.350000	242.110000	1246.500000
215.760000	261.090000	1253.800000
222.720000	285.890000	1253.600000
222.130000	306.930000	1242.200000
210.110000	319.010000	1223.600000
190.170000	314.090000	1210.400000
166.720000	305.680000	1217.600000
230.900000	407.530000	1209.300000
233.170000	401.070000	1203.200000
233.850000	394.910000	1196.500000
232.830000	389.740000	1188.900000
231.530000	385.280000	1181.000000
230.550000	381.010000	1172.900000
229.330000	377.210000	1164.600000
228.120000	374.110000	1156.000000
364.690000	420.390000	1091.100000
357.480000	412.510000	1080.600000
350.400000	404.570000	1070.700000
343.810000	397.440000	1059.300000
337.680000	390.920000	1048.100000
332.070000	385.630000	1035.800000
325.610000	377.560000	1025.500000
319.570000	370.000000	1014.500000
448.390000	238.680000	1068.200000
437.900000	242.360000	1055.700000
426.770000	245.760000	1044.000000
416.200000	249.190000	1031.200000
407.070000	252.710000	1017.500000
398.720000	256.480000	1003.200000
391.390000	260.580000	988.500000
386.460000	262.880000	973.080000
272.900000	125.540000	1060.700000
270.780000	138.350000	1052.800000
269.210000	152.450000	1047.000000
267.930000	164.550000	1039.500000
266.970000	177.180000	1031.200000
265.790000	187.490000	1020.900000
265.380000	199.180000	1011.200000
263.960000	208.710000	999.400000
186.710000	211.450000	1207.500000
189.880000	216.880000	1198.100000
191.480000	222.470000	1188.500000
192.040000	227.740000	1178.600000
192.050000	232.610000	1168.400000
192.050000	237.110000	1158.000000
191.320000	241.190000	1147.500000
189.890000	245.390000	1137.200000
185.170000	330.830000	1216.800000
205.200000	353.740000	1208.100000
221.000000	369.900000	1186.500000
188.190000	188.190000	188.190000
225.970000	374.930000	1124.200000
227.560000	378.860000	1092.600000
231.580000	390.970000	1063.800000
188.190000	188.190000	188.190000
250.940000	398.390000	1041.100000
272.850000	384.550000	1032.500000
297.660000	377.880000	1022.700000
188.190000	188.190000	188.190000
344.310000	361.940000	1006.100000
369.690000	361.170000	996.210000
395.730000	357.970000	988.770000
188.190000	188.190000	188.190000
408.900000	332.560000	978.180000
402.780000	308.790000	976.740000
395.080000	285.910000	975.100000
188.190000	188.190000	188.190000
377.340000	239.960000	970.690000
368.250000	217.370000	968.030000
360.140000	194.970000	964.820000
188.190000	188.190000	188.190000
334.000000	179.310000	968.110000
313.800000	194.570000	980.330000
289.850000	203.720000	990.960000
188.190000	188.190000	188.190000
238.890000	215.810000	1009.500000
211.760000	216.250000	1016.100000
185.630000	219.670000	1024.500000
188.190000	188.190000	188.190000
176.550000	239.770000	1044.300000
180.580000	247.470000	1074.400000
183.550000	248.540000	1106.000000
188.190000	188.190000	188.190000
192.610000	246.160000	1168.700000
197.860000	262.600000	1194.400000
190.760000	291.120000	1204.900000
188.190000	188.190000	188.190000
220.610000	365.360000	1111.600000
208.690000	361.960000	1068.600000
207.230000	356.220000	1023.300000
206.450000	353.820000	977.850000
201.850000	355.440000	932.100000
195.740000	361.000000	887.080000
190.940000	363.790000	841.670000
185.720000	367.840000	796.030000
180.420000	372.350000	750.550000
175.840000	376.620000	704.880000
174.050000	377.640000	658.860000
173.470000	379.090000	612.860000
174.220000	380.720000	566.810000
176.410000	381.960000	520.800000
180.110000	382.190000	474.990000
185.170000	381.760000	429.370000
191.280000	381.140000	383.800000
199.200000	378.890000	338.760000
208.990000	375.720000	294.060000
219.270000	372.370000	249.440000
232.160000	366.690000	205.610000
245.850000	360.390000	162.580000
253.250000	361.030000	118.330000
228.870000	395.290000	106.980000
221.770000	401.030000	63.662000
233.050000	383.630000	24.058000
310.920000	361.090000	978.250000
305.570000	362.120000	938.960000
301.400000	365.460000	899.290000
297.830000	369.940000	859.610000
295.060000	372.810000	819.710000
292.750000	374.790000	779.800000
290.700000	375.950000	739.840000
288.500000	377.960000	699.970000
286.690000	378.120000	659.950000
284.890000	378.590000	620.270000
283.280000	378.840000	580.310000
281.980000	378.270000	540.530000
281.480000	376.210000	500.740000
281.680000	377.360000	460.910000
282.210000	377.750000	420.920000
283.010000	377.370000	381.020000
284.420000	377.300000	341.000000
286.080000	376.020000	301.480000
288.550000	374.960000	261.630000
291.530000	372.250000	221.800000
296.060000	368.290000	182.750000
302.290000	367.090000	143.710000
309.560000	363.620000	104.870000
324.220000	375.840000	71.217000
322.310000	380.490000	34.004000
292.690000	367.540000	11.852000
380.150000	266.610000	935.650000
376.570000	269.130000	898.050000
370.020000	272.100000	860.540000
366.960000	274.460000	822.560000
360.380000	277.370000	785.230000
357.320000	279.670000	747.590000
354.090000	281.970000	709.740000
352.020000	283.920000	671.570000
349.860000	285.810000	633.590000
347.340000	287.950000	595.480000
345.010000	290.000000	557.420000
342.910000	291.760000	519.350000
341.040000	293.290000	481.130000
339.920000	294.460000	442.990000
338.960000	295.480000	404.840000
334.320000	297.360000	367.170000
332.350000	298.300000	329.500000
327.490000	299.820000	291.830000
324.050000	300.720000	253.850000
321.540000	300.650000	215.950000
321.880000	299.720000	178.350000
329.950000	296.370000	141.630000
337.050000	293.320000	104.220000
337.490000	292.910000	66.075000
328.940000	297.060000	29.916000
302.110000	308.360000	9.045800
263.870000	225.790000	964.200000
259.060000	228.490000	926.030000
255.220000	230.850000	887.000000
252.440000	232.280000	847.370000
250.030000	233.940000	807.750000
248.320000	236.160000	768.100000
246.740000	238.270000	729.250000
245.860000	240.880000	689.650000
245.680000	243.910000	650.230000
246.340000	247.870000	610.890000
247.280000	252.220000	571.760000
248.220000	254.240000	532.710000
249.740000	257.060000	493.170000
251.310000	259.060000	453.470000
253.230000	261.060000	413.770000
255.550000	263.060000	374.110000
258.430000	265.670000	335.170000
261.940000	269.250000	296.260000
265.130000	269.560000	256.770000
269.710000	272.620000	217.550000
274.540000	272.630000	178.040000
279.520000	269.150000	138.770000
284.740000	261.640000	100.700000
285.020000	240.680000	68.563000
273.070000	244.010000	31.421000
259.550000	273.960000	11.064000
183.050000	260.680000	1094.600000
176.730000	273.300000	1051.600000
182.250000	282.710000	1007.500000
181.780000	287.740000	963.340000
180.320000	293.400000	918.280000
176.180000	296.700000	873.640000
171.930000	299.630000	828.210000
167.420000	302.050000	783.060000
164.410000	305.170000	738.080000
161.790000	308.440000	692.480000
161.790000	312.200000	646.770000
161.510000	313.730000	600.910000
163.410000	315.380000	555.140000
167.440000	317.360000	509.560000
171.080000	317.230000	463.800000
175.320000	316.170000	418.100000
182.960000	316.270000	373.040000
189.050000	313.810000	328.330000
199.120000	312.340000	284.160000
209.550000	310.130000	239.500000
221.970000	308.570000	195.720000
234.880000	306.770000	151.690000
236.160000	300.090000	109.940000
198.190000	295.920000	99.090000
196.160000	305.680000	54.834000
221.820000	317.780000	20.225000
182.820000	312.290000	1175.800000
185.800000	313.650000	1128.900000
184.040000	316.870000	1082.400000
177.010000	322.210000	1035.900000
171.880000	326.390000	988.950000
165.570000	330.850000	941.840000
158.740000	335.480000	895.170000
150.060000	340.480000	848.670000
144.160000	344.340000	801.540000
139.920000	347.680000	754.060000
136.820000	350.600000	706.860000
134.920000	353.070000	659.260000
137.890000	354.200000	611.630000
139.660000	355.380000	563.860000
146.770000	355.140000	516.640000
154.050000	354.580000	469.520000
162.610000	353.530000	422.780000
172.470000	352.150000	376.150000
183.200000	350.240000	329.800000
194.150000	348.000000	283.600000
207.420000	344.650000	237.870000
221.420000	340.690000	192.420000
235.670000	336.280000	147.280000
232.390000	338.930000	109.530000
214.870000	348.680000	71.701000
217.520000	350.200000	27.184000
243.970000	381.660000	1032.200000
247.900000	365.990000	994.050000
244.970000	367.900000	952.380000
240.590000	371.140000	910.380000
236.260000	374.940000	868.370000
231.580000	379.830000	826.400000
227.440000	383.860000	784.500000
223.610000	387.480000	742.400000
220.280000	389.760000	700.050000
218.370000	390.960000	657.590000
217.460000	393.090000	615.640000
217.560000	393.940000	573.590000
218.600000	394.030000	531.400000
220.490000	393.070000	488.930000
223.410000	393.560000	446.660000
227.030000	391.950000	404.340000
231.490000	392.100000	362.100000
237.290000	389.880000	320.370000
244.370000	385.950000	278.830000
252.150000	381.290000	237.420000
260.590000	377.150000	195.930000
269.340000	370.090000	155.130000
279.830000	371.810000	114.910000
290.770000	397.780000	86.211000
282.900000	402.940000	47.440000
263.650000	383.480000	16.049000
386.410000	336.560000	973.850000
362.730000	327.210000	944.860000
356.490000	329.620000	905.850000
358.870000	337.180000	866.880000
358.500000	341.700000	827.430000
359.240000	346.980000	787.920000
356.680000	348.670000	748.350000
353.880000	349.980000	708.680000
350.910000	351.040000	668.910000
347.610000	351.660000	629.180000
342.950000	350.780000	589.650000
339.180000	350.330000	550.130000
335.820000	349.500000	510.430000
331.660000	347.880000	470.820000
329.070000	347.400000	431.020000
327.250000	347.170000	391.230000
325.720000	346.710000	352.060000
323.750000	345.530000	312.580000
322.700000	344.240000	273.060000
319.950000	341.540000	233.780000
318.600000	337.970000	194.300000
319.830000	334.580000	154.590000
325.250000	331.680000	115.530000
335.640000	330.240000	77.337000
325.080000	333.170000	40.138000
302.640000	342.680000	9.093300
341.980000	206.030000	963.330000
326.490000	228.860000	938.160000
320.850000	230.060000	899.540000
319.500000	225.420000	861.010000
317.660000	223.430000	821.750000
315.360000	223.420000	782.330000
313.130000	224.090000	742.760000
311.050000	225.370000	703.400000
308.220000	229.530000	664.080000
305.570000	234.190000	624.830000
303.180000	238.720000	585.650000
301.120000	244.410000	546.540000
299.060000	251.290000	507.540000
297.440000	256.840000	468.330000
296.400000	260.050000	428.890000
295.490000	263.850000	389.780000
294.770000	268.050000	350.900000
294.640000	271.180000	311.750000
294.280000	276.270000	272.490000
294.680000	280.020000	233.060000
296.580000	282.580000	193.600000
300.670000	283.250000	154.270000
309.100000	279.280000	115.950000
317.530000	273.290000	78.154000
305.010000	278.760000	41.581000
284.570000	283.920000	11.059000
194.640000	239.560000	1016.400000
208.160000	251.170000	979.420000
206.400000	257.520000	939.210000
203.070000	262.130000	897.700000
199.190000	264.340000	856.490000
195.640000	266.360000	814.760000
191.670000	266.800000	773.190000
189.870000	271.190000	731.520000
188.450000	275.130000	690.040000
187.840000	278.790000	648.720000
187.270000	280.330000	606.850000
189.010000	283.050000	565.290000
191.830000	285.400000	523.480000
194.850000	285.710000	481.670000
199.250000	286.200000	440.030000
204.720000	286.340000	398.470000
211.280000	286.320000	357.080000
218.970000	286.270000	315.870000
227.520000	285.580000	274.860000
237.630000	283.930000	234.150000
247.830000	282.890000	193.550000
256.650000	280.840000	152.720000
262.340000	276.640000	111.420000
252.890000	263.080000	76.031000
235.660000	260.060000	43.330000
238.320000	289.130000	14.099000
