576.610000	615.790000	1217.900000
563.670000	603.390000	1234.700000
555.300000	593.700000	1255.900000
557.650000	575.190000	1268.900000
566.400000	552.160000	1267.700000
570.950000	530.990000	1256.900000
580.130000	511.170000	1245.600000
590.230000	497.850000	1227.300000
593.670000	489.940000	1204.100000
584.400000	487.300000	1181.400000
581.720000	487.820000	1157.000000
582.200000	490.100000	1132.100000
584.170000	492.100000	1107.300000
583.310000	491.670000	1082.700000
582.540000	501.400000	1060.700000
601.820000	504.090000	1048.300000
584.530000	497.270000	1058.700000
580.120000	478.090000	1067.500000
575.970000	458.470000	1076.900000
563.970000	441.050000	1083.300000
549.640000	426.480000	1090.500000
532.190000	413.910000	1094.400000
513.150000	404.500000	1098.900000
491.470000	404.290000	1095.000000
469.570000	405.380000	1094.400000
451.310000	409.460000	1082.500000
438.080000	416.270000	1066.400000
426.710000	420.380000	1048.000000
424.300000	421.640000	1026.400000
424.720000	429.820000	1006.100000
420.010000	443.790000	990.250000
418.880000	434.460000	970.280000
421.240000	447.510000	996.130000
414.170000	435.260000	1016.500000
387.540000	431.460000	1032.400000
360.040000	431.750000	1046.900000
333.560000	443.970000	1057.400000
305.620000	457.680000	1057.000000
283.750000	477.580000	1048.100000
266.770000	501.910000	1043.900000
267.240000	531.650000	1051.100000
280.450000	558.300000	1059.600000
295.060000	585.700000	1056.800000
307.520000	610.780000	1045.300000
326.040000	626.320000	1025.800000
352.970000	635.320000	1014.800000
369.590000	624.160000	995.250000
349.720000	625.000000	973.800000
355.220000	632.300000	992.470000
346.590000	645.750000	1007.400000
342.280000	655.970000	1026.300000
342.480000	665.460000	1046.100000
346.400000	680.130000	1061.500000
355.190000	698.930000	1066.800000
363.890000	718.270000	1071.700000
379.670000	733.440000	1073.900000
399.830000	742.040000	1074.800000
421.950000	741.950000	1074.800000
444.110000	741.730000	1074.000000
465.050000	735.570000	1071.400000
484.310000	725.080000	1068.100000
501.620000	711.460000	1065.900000
518.310000	701.730000	1058.500000
528.290000	714.850000	1044.400000
517.170000	694.820000	1060.800000
507.780000	710.260000	1080.800000
505.930000	712.720000	1107.000000
504.990000	710.570000	1135.600000
503.420000	717.020000	1163.600000
508.390000	719.890000	1191.700000
516.210000	713.250000	1217.300000
523.020000	697.570000	1239.600000
531.110000	672.860000	1251.800000
534.630000	652.630000	1268.800000
534.810000	624.970000	1274.900000
542.650000	597.290000	1274.900000
554.870000	581.390000	1255.400000
570.900000	580.160000	1233.500000
579.390000	595.590000	1211.700000
595.570000	612.010000	1211.100000
581.370000	502.830000	1219.700000
576.300000	509.230000	1209.900000
573.970000	516.490000	1199.700000
574.940000	523.430000	1189.100000
575.250000	529.460000	1177.800000
575.940000	534.760000	1166.200000
575.030000	539.400000	1154.400000
574.960000	543.060000	1142.200000
492.770000	412.150000	1084.700000
494.510000	420.250000	1074.500000
496.450000	430.400000	1065.700000
498.040000	438.400000	1054.700000
499.790000	446.410000	1043.700000
501.510000	455.490000	1033.600000
503.500000	463.950000	1023.100000
505.030000	473.350000	1013.700000
282.050000	503.250000	1038.000000
299.070000	507.550000	1035.400000
315.890000	511.630000	1031.500000
330.900000	516.120000	1023.300000
344.730000	520.530000	1013.300000
359.170000	524.320000	1003.900000
373.280000	527.910000	993.710000
384.470000	530.190000	980.510000
386.580000	726.900000	1063.700000
394.160000	716.830000	1057.100000
401.620000	707.070000	1050.200000
409.710000	696.540000	1045.500000
417.550000	686.060000	1039.900000
423.530000	677.720000	1033.700000
429.990000	668.330000	1026.000000
437.710000	661.360000	1018.200000
523.980000	688.860000	1231.400000
524.490000	680.220000	1220.500000
526.960000	672.930000	1208.900000
530.810000	667.130000	1197.000000
534.450000	662.450000	1184.400000
536.800000	658.850000	1171.100000
538.100000	656.780000	1157.400000
537.830000	656.350000	1143.600000
585.530000	583.750000	1209.800000
578.990000	559.020000	1197.700000
575.940000	546.840000	1171.900000
576.610000	576.610000	576.610000
575.950000	539.950000	1112.500000
576.760000	533.780000	1083.700000
586.630000	519.070000	1061.100000
576.610000	576.610000	576.610000
577.950000	495.650000	1043.400000
553.510000	488.020000	1033.700000
529.820000	480.050000	1022.700000
576.610000	576.610000	576.610000
481.930000	468.170000	1004.400000
460.310000	458.160000	992.540000
437.780000	449.370000	981.110000
576.610000	576.610000	576.610000
407.380000	456.570000	971.780000
402.440000	481.800000	976.550000
393.780000	506.100000	978.760000
576.610000	576.610000	576.610000
377.750000	555.290000	982.720000
370.390000	580.120000	983.660000
360.560000	603.090000	978.740000
576.610000	576.610000	576.610000
369.920000	631.900000	984.890000
392.160000	642.030000	996.130000
415.310000	648.660000	1009.100000
576.610000	576.610000	576.610000
460.470000	674.230000	1027.000000
484.120000	684.070000	1037.100000
507.460000	696.840000	1042.800000
576.610000	576.610000	576.610000
531.070000	686.440000	1057.500000
531.780000	667.910000	1081.400000
535.910000	661.230000	1112.300000
576.610000	576.610000	576.610000
540.060000	651.200000	1174.900000
544.880000	639.930000	1203.300000
566.170000	619.370000	1209.500000
576.610000	576.610000	576.610000
577.700000	550.440000	1097.500000
577.340000	555.220000	1053.000000
576.470000	559.400000	1007.700000
576.280000	564.320000	962.310000
579.790000	567.670000	916.840000
584.010000	570.790000	871.450000
587.450000	573.370000	826.010000
591.090000	575.470000	780.280000
592.390000	578.720000	734.460000
591.840000	580.610000	688.590000
589.680000	581.750000	642.770000
586.740000	582.760000	596.970000
583.640000	583.420000	551.130000
578.650000	583.480000	505.460000
573.570000	583.210000	459.790000
569.160000	581.800000	414.140000
562.000000	581.370000	368.760000
554.840000	580.200000	323.510000
540.490000	579.800000	279.890000
526.370000	579.180000	236.160000
513.030000	578.800000	192.200000
499.370000	578.900000	148.370000
495.980000	577.920000	105.710000
535.160000	566.450000	96.444000
538.600000	565.360000	52.578000
515.430000	577.090000	17.254000
499.770000	491.500000	981.860000
500.900000	494.690000	942.100000
503.010000	495.380000	901.940000
503.410000	498.100000	861.800000
503.650000	500.950000	821.680000
503.840000	504.050000	781.610000
504.090000	506.360000	741.520000
504.160000	508.690000	701.370000
503.520000	511.820000	661.260000
501.960000	513.960000	621.120000
499.650000	516.870000	581.240000
496.850000	521.070000	541.310000
494.000000	522.570000	501.270000
490.410000	524.340000	461.350000
485.840000	525.300000	421.440000
480.630000	525.970000	381.700000
475.260000	525.870000	341.910000
469.120000	528.030000	302.320000
462.790000	529.050000	262.600000
455.960000	530.340000	222.950000
448.860000	531.600000	183.410000
440.790000	532.620000	144.080000
432.420000	528.540000	105.060000
428.830000	509.420000	70.733000
442.780000	516.870000	35.639000
461.600000	544.530000	14.249000
394.290000	536.720000	945.270000
395.440000	539.820000	907.290000
396.400000	541.920000	868.770000
397.030000	544.020000	830.250000
396.100000	545.430000	791.700000
395.050000	546.570000	753.180000
394.550000	547.730000	714.820000
394.700000	549.090000	676.280000
393.420000	549.800000	637.720000
395.120000	551.280000	599.220000
396.530000	553.020000	560.690000
397.240000	554.560000	522.140000
395.860000	555.680000	483.750000
398.050000	557.120000	445.540000
397.610000	557.960000	407.000000
398.570000	560.030000	368.480000
400.010000	562.410000	329.990000
400.390000	564.090000	291.440000
399.840000	565.080000	252.930000
400.290000	566.090000	214.480000
397.540000	566.110000	176.130000
388.840000	565.350000	138.660000
376.600000	563.600000	102.560000
373.730000	563.580000	64.389000
391.290000	568.230000	30.860000
422.330000	577.680000	12.051000
446.800000	646.460000	983.270000
447.850000	647.930000	943.320000
448.470000	650.830000	903.140000
448.920000	653.030000	862.950000
450.140000	654.900000	822.990000
451.770000	653.150000	782.950000
453.650000	651.310000	742.820000
455.190000	653.000000	702.750000
455.840000	651.030000	663.100000
455.880000	648.870000	623.210000
455.650000	646.950000	582.980000
455.480000	646.850000	542.700000
454.510000	645.340000	502.560000
452.790000	643.310000	462.390000
450.620000	641.260000	422.210000
448.340000	638.640000	382.120000
445.370000	636.540000	342.220000
442.260000	633.240000	302.250000
438.210000	631.320000	262.250000
433.590000	628.430000	222.670000
428.070000	623.870000	183.280000
420.090000	620.350000	144.140000
406.800000	618.750000	106.410000
388.680000	632.260000	74.685000
405.280000	635.800000	39.777000
433.170000	619.410000	17.047000
545.370000	647.220000	1100.000000
553.100000	644.580000	1056.000000
552.730000	640.760000	1010.600000
553.380000	638.120000	964.570000
557.200000	639.450000	919.260000
561.520000	641.550000	873.760000
563.460000	643.310000	827.930000
565.140000	643.940000	781.880000
567.620000	645.660000	735.840000
568.380000	645.950000	689.750000
567.260000	645.970000	644.230000
564.450000	647.450000	598.170000
559.620000	646.280000	552.300000
554.850000	647.490000	507.020000
547.940000	645.710000	461.810000
540.550000	644.460000	416.300000
532.390000	643.000000	370.990000
522.720000	639.800000	326.050000
512.290000	636.260000	281.220000
500.690000	631.370000	236.830000
489.780000	626.830000	192.280000
478.010000	619.870000	148.240000
475.270000	620.470000	106.210000
507.760000	647.980000	101.750000
512.660000	655.740000	58.704000
497.420000	635.760000	22.092000
577.500000	604.700000	1168.400000
572.120000	603.750000	1121.600000
574.430000	605.710000	1074.300000
580.100000	608.570000	1027.200000
587.200000	611.700000	980.410000
593.000000	614.030000	933.340000
599.900000	616.760000	886.400000
605.010000	619.760000	839.270000
608.170000	621.880000	791.880000
611.430000	623.780000	744.500000
613.680000	624.890000	697.040000
611.260000	625.370000	649.720000
607.390000	625.540000	602.430000
600.760000	624.900000	555.500000
593.840000	623.770000	508.490000
585.660000	622.270000	461.780000
574.810000	620.360000	415.540000
562.950000	618.550000	369.570000
548.730000	615.110000	324.480000
536.370000	612.460000	278.750000
521.470000	608.580000	233.870000
508.110000	605.340000	188.760000
494.730000	601.920000	143.390000
501.250000	603.750000	105.230000
519.300000	608.850000	66.641000
518.160000	609.990000	21.392000
571.840000	524.110000	1034.200000
563.220000	531.590000	993.720000
563.940000	534.960000	951.080000
564.320000	537.860000	908.230000
569.670000	539.100000	865.950000
571.490000	543.440000	823.550000
573.670000	544.680000	780.740000
575.150000	546.090000	737.900000
575.420000	548.290000	695.140000
574.150000	550.070000	652.300000
571.630000	551.990000	609.530000
569.650000	551.870000	566.830000
563.940000	552.450000	524.400000
559.300000	552.430000	481.720000
554.880000	551.670000	439.020000
548.440000	552.610000	396.610000
541.120000	552.530000	354.350000
532.220000	552.430000	312.780000
522.140000	552.140000	271.360000
512.290000	552.430000	230.020000
499.310000	553.940000	189.130000
486.370000	553.700000	148.210000
475.800000	550.890000	106.900000
478.250000	526.930000	77.952000
495.210000	525.250000	46.332000
495.190000	552.950000	15.053000
429.930000	469.570000	972.950000
438.410000	495.990000	948.960000
438.490000	499.960000	909.640000
436.830000	499.820000	869.920000
435.500000	499.870000	830.190000
434.780000	500.260000	790.460000
434.530000	502.490000	750.780000
433.120000	504.830000	711.130000
431.610000	507.300000	671.550000
430.530000	510.730000	631.950000
429.760000	513.310000	592.280000
428.900000	515.920000	552.660000
428.020000	519.270000	513.110000
426.940000	521.660000	473.470000
426.520000	524.690000	433.820000
425.920000	528.100000	394.570000
424.390000	530.670000	354.920000
423.760000	534.400000	315.360000
423.630000	539.140000	276.250000
423.230000	542.360000	236.660000
422.280000	544.840000	197.000000
419.500000	546.260000	157.430000
412.480000	545.660000	118.770000
405.180000	541.860000	80.147000
419.140000	545.530000	44.048000
439.300000	552.950000	12.061000
382.160000	611.810000	974.720000
406.510000	605.170000	953.220000
408.400000	607.510000	914.220000
404.520000	610.540000	875.160000
402.620000	611.870000	835.510000
401.110000	612.500000	795.740000
398.660000	613.160000	756.060000
398.520000	612.480000	716.240000
398.550000	613.240000	676.420000
400.540000	613.090000	636.640000
402.830000	613.170000	596.880000
404.660000	614.100000	557.110000
406.250000	612.860000	517.350000
405.890000	612.390000	477.850000
407.580000	610.110000	438.350000
408.550000	608.490000	398.610000
409.390000	607.350000	358.820000
410.630000	605.660000	319.140000
411.120000	603.750000	279.370000
411.810000	600.920000	239.670000
411.170000	597.860000	200.050000
408.860000	594.220000	160.500000
400.650000	589.720000	122.280000
390.010000	591.050000	84.617000
402.470000	596.610000	48.335000
420.260000	602.430000	14.054000
520.190000	692.830000	1038.200000
511.440000	660.750000	1016.300000
511.240000	653.030000	973.810000
514.490000	652.940000	930.560000
518.240000	653.300000	887.610000
521.120000	656.370000	844.670000
522.580000	656.940000	801.360000
523.640000	658.490000	758.020000
524.360000	659.950000	714.670000
524.220000	659.950000	671.290000
522.920000	660.930000	627.960000
521.050000	659.980000	584.750000
518.290000	658.980000	541.550000
514.270000	657.440000	498.450000
509.330000	656.790000	455.410000
504.030000	654.950000	412.470000
497.170000	650.940000	370.210000
489.690000	648.250000	327.600000
482.170000	643.390000	285.170000
474.550000	638.720000	242.720000
465.790000	633.890000	200.550000
456.470000	628.530000	158.560000
447.600000	624.630000	116.450000
438.650000	647.870000	88.076000
450.090000	658.270000	53.241000
460.640000	637.090000	18.888000
