559.140000	557.370000	1201.400000
537.250000	564.050000	1213.100000
519.590000	555.640000	1227.300000
509.910000	535.780000	1239.900000
512.020000	509.900000	1240.900000
514.720000	485.270000	1238.300000
526.770000	466.100000	1226.500000
533.990000	443.200000	1217.600000
541.890000	430.530000	1197.200000
542.430000	429.790000	1171.300000
537.730000	427.080000	1146.200000
539.990000	434.370000	1121.100000
541.310000	441.830000	1096.100000
544.540000	452.480000	1072.500000
548.590000	466.650000	1050.900000
569.950000	460.270000	1040.700000
550.920000	459.930000	1051.300000
540.810000	441.010000	1057.300000
528.040000	425.150000	1066.300000
512.270000	412.000000	1074.500000
494.590000	398.870000	1077.700000
475.270000	388.010000	1077.200000
453.760000	385.760000	1073.800000
434.020000	387.900000	1067.300000
412.930000	391.710000	1062.800000
394.720000	401.200000	1054.600000
384.180000	416.150000	1042.300000
380.000000	425.940000	1023.200000
374.250000	436.310000	1004.500000
373.960000	450.970000	987.900000
379.180000	467.240000	976.440000
378.530000	461.770000	957.310000
394.770000	470.600000	978.060000
379.070000	452.710000	992.650000
354.050000	455.180000	1011.200000
332.800000	457.740000	1034.200000
313.200000	474.870000	1050.600000
295.970000	498.570000	1051.900000
272.180000	514.320000	1040.500000
267.720000	543.370000	1031.600000
268.730000	570.050000	1048.200000
288.000000	593.970000	1053.200000
305.260000	619.620000	1048.900000
320.070000	643.530000	1035.400000
339.910000	652.610000	1012.800000
366.800000	657.400000	998.490000
384.310000	644.840000	983.040000
371.040000	661.560000	959.710000
373.670000	649.970000	976.710000
371.330000	659.630000	994.280000
367.020000	670.580000	1011.200000
369.420000	677.770000	1030.800000
373.130000	684.980000	1050.300000
382.560000	694.150000	1066.200000
396.460000	700.080000	1080.900000
414.580000	705.040000	1089.700000
434.120000	709.460000	1095.700000
454.410000	704.240000	1096.000000
475.160000	701.510000	1093.400000
492.950000	692.310000	1088.200000
510.190000	682.880000	1081.200000
522.750000	668.830000	1071.800000
534.780000	659.000000	1060.100000
548.050000	670.890000	1052.000000
535.710000	659.410000	1062.700000
537.400000	665.920000	1084.900000
533.590000	667.220000	1107.800000
531.600000	668.350000	1131.000000
530.770000	668.030000	1154.300000
529.000000	666.220000	1177.500000
527.700000	663.890000	1200.500000
524.110000	656.800000	1222.400000
526.510000	642.850000	1240.900000
530.210000	621.540000	1248.900000
533.890000	601.050000	1258.600000
537.290000	577.940000	1258.900000
542.950000	555.540000	1258.000000
550.750000	545.710000	1239.600000
561.360000	542.700000	1219.200000
577.250000	540.200000	1203.900000
532.280000	453.500000	1207.100000
536.020000	463.570000	1196.700000
541.170000	472.480000	1185.800000
546.450000	480.380000	1174.200000
550.350000	487.660000	1161.600000
555.210000	493.930000	1148.900000
557.400000	500.150000	1135.400000
559.660000	505.850000	1121.700000
440.020000	399.740000	1059.600000
445.430000	411.070000	1050.100000
450.660000	424.530000	1043.700000
456.180000	436.400000	1034.600000
461.500000	447.140000	1025.000000
466.660000	458.060000	1014.800000
470.740000	468.430000	1005.000000
476.090000	476.180000	994.600000
282.760000	545.790000	1029.100000
299.670000	548.110000	1025.900000
316.420000	550.510000	1021.600000
324.740000	551.630000	1013.300000
337.860000	553.690000	1001.800000
351.350000	555.880000	990.670000
364.750000	558.430000	980.300000
374.480000	560.590000	965.900000
419.470000	700.580000	1077.600000
425.020000	692.860000	1066.000000
430.300000	685.340000	1055.200000
435.790000	676.010000	1044.600000
441.910000	668.370000	1033.100000
448.300000	659.480000	1022.800000
455.190000	651.610000	1012.700000
460.260000	643.930000	1002.800000
526.850000	649.470000	1212.400000
529.040000	641.790000	1202.100000
533.300000	634.950000	1191.900000
538.710000	629.420000	1181.500000
542.490000	623.600000	1170.500000
545.930000	617.990000	1159.200000
549.930000	613.210000	1147.800000
553.910000	609.520000	1136.000000
560.130000	532.490000	1192.500000
553.990000	518.640000	1171.400000
556.270000	509.500000	1147.300000
559.140000	559.140000	559.140000
562.370000	503.010000	1096.000000
562.170000	495.000000	1071.200000
563.620000	481.310000	1051.200000
559.140000	559.140000	559.140000
547.750000	466.380000	1028.200000
524.190000	471.200000	1015.900000
501.070000	473.700000	1005.100000
559.140000	559.140000	559.140000
451.260000	478.670000	984.150000
427.120000	472.360000	973.720000
402.520000	470.030000	964.860000
559.140000	559.140000	559.140000
376.410000	484.750000	958.740000
377.890000	508.850000	963.270000
376.920000	534.730000	965.580000
559.140000	559.140000	559.140000
374.490000	586.540000	965.410000
373.910000	612.530000	963.040000
372.920000	638.380000	959.430000
559.140000	559.140000	559.140000
392.010000	649.850000	967.540000
413.120000	641.440000	980.510000
435.930000	639.950000	993.310000
559.140000	559.140000	559.140000
484.260000	647.690000	1013.500000
506.440000	651.210000	1027.600000
527.480000	660.400000	1039.600000
559.140000	559.140000	559.140000
548.380000	644.020000	1060.600000
553.390000	625.880000	1081.400000
556.370000	614.940000	1107.800000
559.140000	559.140000	559.140000
554.430000	604.090000	1164.400000
558.200000	588.150000	1187.100000
570.060000	566.350000	1201.200000
559.140000	559.140000	559.140000
568.670000	515.980000	1079.300000
573.770000	522.650000	1037.600000
571.110000	530.210000	993.660000
575.880000	535.290000	950.060000
580.690000	539.130000	907.760000
586.980000	541.560000	863.140000
593.540000	542.490000	820.680000
598.380000	544.280000	775.710000
602.900000	545.060000	730.870000
603.770000	547.840000	685.690000
604.830000	549.420000	640.660000
603.190000	552.720000	595.540000
601.850000	554.590000	550.340000
599.750000	556.050000	505.340000
596.070000	557.850000	460.350000
591.850000	559.000000	415.730000
585.640000	560.730000	371.490000
577.220000	562.950000	327.120000
566.290000	565.690000	283.360000
554.680000	567.650000	239.640000
542.080000	569.170000	196.250000
529.110000	568.080000	153.210000
534.070000	562.510000	114.980000
571.520000	543.250000	105.270000
575.290000	542.090000	61.661000
555.430000	557.310000	25.741000
478.520000	489.210000	959.690000
481.910000	492.990000	920.850000
485.960000	493.610000	882.010000
489.160000	496.160000	843.110000
492.560000	497.280000	804.240000
495.120000	500.080000	765.690000
497.290000	503.380000	727.290000
499.480000	506.110000	688.480000
501.440000	509.040000	649.510000
503.090000	512.550000	610.470000
504.140000	517.990000	571.650000
505.540000	521.970000	532.630000
504.810000	523.430000	493.510000
502.660000	526.070000	454.450000
500.320000	528.850000	415.420000
497.540000	530.060000	376.320000
494.640000	532.890000	337.330000
491.480000	535.730000	298.380000
487.770000	538.050000	259.500000
484.110000	541.930000	221.360000
478.550000	543.180000	183.360000
470.250000	542.120000	145.170000
456.880000	537.560000	109.500000
451.150000	517.640000	77.000000
465.240000	523.000000	42.831000
486.860000	542.650000	18.061000
383.530000	562.580000	929.680000
388.440000	564.040000	892.140000
391.660000	565.430000	854.510000
396.030000	566.810000	817.160000
397.750000	568.200000	779.430000
399.430000	569.630000	741.600000
402.780000	571.000000	703.960000
405.010000	572.370000	666.270000
409.900000	573.620000	628.760000
412.110000	574.930000	590.970000
415.300000	576.160000	553.230000
417.610000	577.350000	515.510000
420.860000	578.500000	477.790000
422.940000	579.570000	440.160000
426.750000	580.750000	402.600000
429.730000	582.310000	364.950000
432.610000	583.690000	327.450000
436.520000	585.300000	289.850000
439.330000	586.830000	252.390000
441.020000	588.360000	214.640000
437.230000	588.670000	177.060000
426.710000	587.240000	141.000000
413.690000	585.570000	106.160000
408.070000	587.040000	69.340000
421.380000	588.600000	34.691000
450.680000	589.290000	12.075000
469.490000	635.270000	966.260000
472.360000	639.040000	927.580000
476.210000	643.630000	888.450000
480.110000	647.630000	849.190000
483.230000	649.320000	809.740000
485.890000	650.960000	770.120000
487.970000	651.950000	730.430000
489.530000	651.390000	690.730000
490.950000	651.470000	651.010000
492.140000	651.450000	611.300000
493.830000	648.690000	571.680000
494.930000	647.020000	531.960000
495.680000	644.680000	492.270000
495.270000	644.910000	452.550000
494.710000	642.980000	412.910000
492.990000	642.990000	373.340000
490.690000	641.940000	333.670000
487.560000	640.440000	294.130000
483.380000	639.040000	254.670000
477.980000	637.880000	215.300000
471.270000	637.150000	176.380000
463.500000	635.940000	137.440000
450.050000	645.090000	102.020000
446.220000	661.820000	68.964000
462.530000	654.940000	35.231000
485.150000	631.430000	14.064000
563.880000	606.040000	1091.800000
572.110000	604.990000	1047.300000
567.730000	602.100000	1002.100000
573.730000	602.790000	957.890000
580.080000	604.520000	913.670000
588.360000	607.910000	869.630000
593.270000	610.690000	824.160000
598.330000	613.930000	778.660000
602.930000	616.940000	733.190000
605.760000	618.410000	687.550000
607.080000	619.810000	641.820000
607.520000	621.650000	596.430000
605.210000	622.150000	551.090000
601.330000	622.320000	505.930000
597.870000	624.060000	460.610000
592.390000	625.000000	415.090000
585.120000	625.140000	370.740000
576.570000	625.190000	325.890000
565.150000	624.440000	281.480000
552.810000	622.710000	237.370000
539.340000	620.340000	193.730000
525.810000	619.010000	150.690000
527.610000	628.970000	114.490000
558.920000	655.460000	102.870000
562.230000	649.540000	58.361000
553.810000	625.600000	22.087000
573.460000	550.830000	1159.000000
574.510000	556.010000	1114.200000
579.220000	561.190000	1067.300000
586.470000	566.290000	1020.800000
595.760000	571.010000	976.550000
603.920000	574.480000	930.830000
612.170000	577.090000	884.440000
620.200000	579.260000	837.720000
627.600000	581.820000	791.390000
631.940000	583.860000	744.620000
635.940000	585.490000	697.690000
636.860000	586.850000	650.550000
635.810000	588.010000	605.980000
630.690000	589.130000	559.020000
625.290000	590.210000	511.970000
617.820000	591.230000	465.190000
608.080000	592.160000	418.750000
598.470000	593.040000	372.370000
588.140000	593.860000	326.050000
577.180000	594.300000	280.330000
562.480000	594.200000	235.520000
548.060000	593.960000	190.370000
534.180000	593.520000	145.010000
550.330000	594.560000	108.180000
567.950000	595.170000	68.193000
564.500000	593.510000	24.567000
553.200000	490.840000	1028.600000
549.710000	503.950000	991.500000
549.590000	512.210000	951.780000
553.360000	514.350000	911.270000
557.760000	515.990000	869.450000
563.400000	517.370000	828.210000
568.610000	517.190000	786.670000
572.140000	517.890000	744.830000
574.880000	518.170000	703.160000
575.710000	520.090000	661.410000
574.810000	523.790000	619.490000
574.010000	526.030000	577.540000
572.450000	528.380000	535.570000
569.570000	532.620000	493.860000
567.030000	534.240000	452.300000
562.650000	537.510000	410.690000
556.980000	537.390000	369.210000
549.610000	541.300000	328.230000
542.300000	543.860000	287.010000
534.490000	546.050000	245.820000
525.640000	548.210000	204.830000
515.570000	550.450000	164.360000
506.130000	548.380000	124.150000
504.130000	527.640000	90.646000
515.470000	516.080000	55.021000
527.780000	539.450000	23.239000
399.490000	490.020000	956.330000
417.240000	510.010000	931.370000
421.430000	510.510000	893.220000
422.590000	509.390000	854.620000
422.710000	508.550000	815.660000
422.760000	508.270000	776.730000
424.570000	509.760000	737.800000
427.880000	511.850000	699.020000
431.700000	515.290000	660.370000
434.860000	518.160000	621.630000
438.450000	521.940000	583.200000
441.990000	526.310000	544.640000
445.430000	531.510000	506.220000
447.140000	533.440000	467.550000
449.640000	538.270000	429.270000
451.670000	542.780000	390.670000
453.640000	547.820000	352.080000
454.960000	551.920000	313.330000
455.590000	555.280000	274.560000
457.060000	560.140000	236.070000
457.210000	563.390000	197.290000
453.880000	564.360000	158.550000
444.690000	562.800000	121.040000
435.240000	559.670000	83.480000
444.790000	561.150000	46.234000
463.460000	564.160000	13.155000
389.010000	630.240000	957.600000
405.640000	610.240000	935.800000
412.580000	607.150000	900.630000
415.860000	609.800000	861.530000
418.250000	614.180000	822.510000
419.860000	619.850000	783.560000
423.800000	623.160000	744.510000
427.630000	626.080000	705.400000
431.150000	627.080000	666.200000
434.890000	627.040000	627.020000
437.800000	627.740000	588.020000
440.650000	627.900000	548.770000
443.540000	627.270000	509.530000
446.930000	625.240000	470.570000
449.490000	623.810000	431.290000
450.990000	623.100000	392.050000
452.020000	622.160000	352.790000
451.380000	622.310000	314.390000
453.880000	618.050000	275.680000
452.450000	617.140000	236.450000
451.020000	615.080000	197.200000
445.250000	612.850000	158.630000
437.510000	611.870000	120.160000
429.530000	616.370000	81.980000
439.790000	615.230000	44.792000
463.630000	615.200000	14.275000
531.730000	641.730000	1027.600000
529.630000	626.700000	990.350000
535.700000	627.550000	949.920000
541.910000	628.090000	907.750000
550.750000	632.970000	866.590000
558.380000	636.030000	825.220000
565.170000	639.060000	783.620000
568.370000	638.850000	741.680000
571.490000	641.380000	699.360000
572.340000	641.900000	656.920000
572.060000	642.550000	614.430000
570.330000	641.900000	571.840000
567.740000	641.260000	529.550000
564.660000	641.950000	487.180000
560.460000	640.990000	444.830000
555.900000	641.760000	402.440000
550.470000	641.080000	360.180000
544.590000	640.980000	318.390000
537.090000	638.940000	276.910000
527.140000	637.570000	235.580000
516.680000	633.980000	194.450000
505.950000	632.090000	153.410000
494.980000	634.500000	112.790000
485.120000	656.870000	78.304000
498.610000	662.010000	40.611000
518.650000	635.010000	16.059000
