300.170000	345.240000	666.750000
296.280000	346.600000	683.750000
297.080000	342.250000	701.050000
303.300000	334.360000	715.540000
312.540000	321.530000	724.050000
321.220000	305.990000	726.030000
328.120000	289.530000	727.830000
332.430000	274.420000	719.650000
333.260000	260.140000	708.760000
331.670000	247.730000	695.780000
327.910000	235.530000	683.330000
322.340000	228.310000	667.810000
319.440000	228.990000	650.690000
320.610000	240.390000	637.480000
330.080000	251.210000	632.780000
347.590000	255.440000	634.120000
336.540000	252.990000	644.860000
334.880000	252.910000	662.180000
333.930000	243.690000	676.920000
332.610000	229.190000	686.790000
328.540000	215.000000	696.410000
321.980000	201.370000	705.520000
312.200000	188.040000	710.940000
299.420000	176.020000	709.940000
286.140000	166.290000	703.800000
276.590000	162.960000	689.970000
267.280000	162.380000	674.940000
257.630000	161.700000	660.160000
247.940000	165.960000	646.080000
244.900000	171.860000	630.150000
250.550000	178.070000	614.770000
262.410000	182.350000	606.950000
266.300000	198.650000	618.300000
271.190000	188.390000	636.160000
265.320000	175.170000	652.030000
253.990000	162.140000	664.710000
235.960000	157.160000	675.200000
216.700000	155.390000	684.960000
197.680000	153.860000	695.340000
177.040000	159.460000	696.370000
161.800000	173.940000	694.240000
155.450000	193.840000	688.490000
154.090000	212.260000	676.870000
152.690000	229.910000	664.180000
159.800000	246.940000	652.910000
170.700000	257.930000	637.820000
180.310000	255.600000	619.690000
169.760000	245.840000	607.710000
168.060000	235.850000	620.520000
164.720000	230.160000	635.800000
157.170000	234.470000	650.080000
151.330000	242.400000	663.660000
146.980000	251.980000	676.790000
140.800000	261.460000	689.250000
139.450000	274.580000	699.530000
142.090000	290.790000	701.930000
147.690000	306.690000	701.240000
156.800000	319.890000	697.700000
168.820000	328.490000	689.610000
181.010000	335.790000	680.510000
194.090000	341.750000	671.630000
206.950000	345.620000	661.660000
212.580000	344.610000	646.770000
212.700000	340.930000	630.360000
207.540000	326.470000	637.920000
199.440000	320.580000	651.610000
194.580000	323.500000	668.010000
200.750000	330.720000	682.410000
210.430000	338.090000	695.140000
221.040000	344.840000	707.370000
234.800000	349.910000	717.050000
251.570000	348.790000	720.930000
268.790000	345.490000	720.940000
285.540000	340.860000	719.780000
298.750000	332.290000	713.080000
307.430000	325.630000	699.360000
310.670000	320.180000	683.080000
306.290000	323.520000	666.620000
303.860000	332.450000	653.850000
298.430000	346.470000	649.890000
333.640000	278.370000	710.290000
332.940000	281.690000	700.580000
330.670000	284.120000	690.900000
329.210000	286.500000	680.970000
326.540000	289.070000	671.380000
324.180000	292.230000	661.880000
323.040000	294.940000	652.000000
321.180000	297.710000	642.250000
304.310000	177.090000	698.300000
305.540000	181.790000	686.260000
306.590000	186.980000	674.410000
305.250000	194.070000	663.750000
305.560000	200.190000	652.320000
306.050000	205.510000	640.580000
305.080000	212.700000	629.850000
305.160000	219.130000	618.580000
182.370000	167.190000	686.230000
187.830000	174.800000	675.800000
192.600000	180.900000	664.030000
197.700000	186.960000	652.400000
201.860000	192.270000	640.070000
205.950000	197.960000	627.840000
209.920000	203.440000	615.450000
213.440000	208.770000	602.890000
143.660000	294.280000	690.550000
148.980000	294.930000	679.560000
156.330000	293.980000	669.770000
163.120000	293.800000	659.590000
170.000000	293.840000	649.370000
176.130000	294.810000	638.720000
183.240000	294.150000	628.690000
189.710000	294.000000	618.290000
252.350000	351.550000	711.100000
253.080000	351.380000	700.900000
253.490000	349.640000	690.800000
254.200000	346.800000	680.930000
254.870000	344.280000	671.000000
255.220000	341.610000	661.070000
255.900000	339.260000	651.120000
256.540000	338.880000	640.870000
302.570000	333.490000	648.630000
309.850000	322.110000	646.530000
316.460000	310.380000	644.480000
300.170000	300.170000	300.170000
325.380000	284.960000	639.750000
328.670000	271.880000	637.560000
335.170000	260.430000	635.810000
300.170000	300.170000	300.170000
337.270000	246.180000	629.610000
326.220000	237.400000	626.780000
315.360000	228.450000	623.230000
300.170000	300.170000	300.170000
294.650000	209.500000	615.810000
282.510000	202.020000	613.040000
271.430000	193.410000	609.800000
300.170000	300.170000	300.170000
249.580000	184.960000	604.650000
236.980000	192.250000	603.870000
226.310000	201.880000	603.480000
300.170000	300.170000	300.170000
202.780000	218.260000	604.590000
192.530000	228.620000	605.840000
179.890000	235.800000	605.640000
300.170000	300.170000	300.170000
176.190000	257.070000	610.570000
182.300000	268.540000	613.460000
186.200000	281.170000	615.710000
300.170000	300.170000	300.170000
194.830000	306.240000	621.150000
200.010000	318.310000	624.570000
204.850000	330.730000	627.040000
300.170000	300.170000	300.170000
223.390000	338.950000	633.120000
234.290000	337.930000	636.140000
245.460000	338.120000	638.270000
300.170000	300.170000	300.170000
267.460000	337.920000	643.820000
278.500000	337.150000	646.310000
289.030000	340.170000	648.580000
300.170000	300.170000	300.170000
317.980000	299.550000	616.130000
316.420000	302.100000	589.930000
320.240000	305.220000	564.040000
323.250000	307.320000	538.060000
326.970000	309.040000	512.490000
327.550000	308.550000	486.230000
328.880000	308.350000	459.840000
331.310000	309.690000	433.640000
336.260000	310.570000	408.380000
334.170000	309.060000	382.040000
333.350000	309.690000	355.700000
329.830000	308.390000	329.540000
324.820000	305.510000	303.780000
318.760000	302.660000	278.210000
316.780000	301.010000	252.300000
311.530000	297.980000	226.580000
301.770000	294.010000	202.450000
298.790000	291.610000	176.670000
293.120000	288.190000	151.190000
295.100000	285.850000	125.340000
304.770000	288.050000	104.100000
324.780000	303.410000	98.105000
336.640000	314.410000	77.871000
335.610000	315.360000	51.918000
323.630000	307.570000	29.996000
305.050000	295.590000	16.064000
301.200000	223.110000	595.150000
306.740000	220.130000	571.850000
305.430000	221.380000	547.940000
309.060000	217.600000	524.260000
312.120000	214.610000	500.510000
314.860000	211.590000	476.650000
315.840000	210.030000	452.490000
319.060000	206.830000	428.930000
318.970000	207.030000	404.700000
319.460000	205.900000	380.600000
318.900000	207.360000	357.190000
312.840000	212.180000	334.560000
309.240000	215.080000	311.040000
307.170000	215.830000	289.300000
300.890000	220.340000	266.710000
293.900000	227.030000	245.920000
288.550000	231.770000	222.900000
285.340000	237.110000	199.460000
282.540000	239.850000	176.000000
283.840000	237.320000	152.090000
282.460000	235.970000	128.190000
292.570000	227.160000	108.330000
300.660000	224.920000	85.664000
301.130000	230.250000	62.287000
299.440000	238.330000	39.472000
289.690000	253.160000	26.072000
220.340000	216.640000	582.900000
222.570000	218.550000	560.020000
219.110000	215.860000	537.930000
217.290000	213.000000	515.660000
213.640000	207.140000	494.160000
211.180000	203.190000	471.770000
209.040000	200.220000	449.240000
205.160000	196.370000	426.920000
203.650000	194.700000	404.010000
203.660000	193.230000	380.950000
203.410000	192.680000	357.860000
203.890000	192.680000	334.690000
207.490000	196.370000	313.070000
210.570000	202.220000	291.880000
213.990000	207.360000	269.810000
216.830000	212.230000	247.370000
222.920000	218.460000	225.950000
226.780000	224.400000	203.940000
228.610000	226.180000	183.400000
228.670000	228.870000	161.020000
228.580000	228.610000	138.510000
228.170000	225.680000	115.830000
227.610000	222.480000	92.984000
228.820000	226.080000	70.381000
233.550000	234.100000	49.349000
240.580000	244.040000	31.076000
194.810000	292.360000	595.090000
195.460000	292.330000	571.600000
193.280000	291.770000	547.600000
188.340000	291.580000	524.200000
182.640000	290.000000	500.830000
177.870000	289.520000	477.240000
174.150000	288.870000	453.380000
171.670000	288.380000	429.320000
168.200000	287.280000	405.410000
166.000000	286.900000	381.380000
165.720000	286.240000	357.250000
167.880000	284.420000	333.220000
172.800000	283.910000	309.620000
179.950000	282.130000	286.680000
188.250000	281.850000	264.010000
193.080000	280.990000	241.090000
202.430000	279.810000	218.820000
208.510000	277.450000	196.780000
214.220000	276.690000	173.800000
215.870000	277.090000	150.470000
210.420000	279.230000	127.480000
198.210000	280.750000	107.350000
197.060000	284.240000	83.710000
202.200000	287.860000	60.811000
203.650000	292.080000	37.953000
222.710000	292.210000	24.689000
258.370000	335.120000	614.950000
261.230000	333.210000	588.580000
263.610000	336.020000	562.340000
265.410000	339.820000	536.120000
267.900000	341.940000	510.130000
269.120000	343.640000	483.690000
270.370000	344.070000	457.270000
272.610000	349.430000	431.800000
273.340000	350.960000	406.670000
273.810000	353.510000	380.420000
273.740000	353.920000	353.910000
273.120000	352.930000	327.420000
272.550000	350.020000	301.130000
270.610000	345.590000	275.010000
267.340000	340.570000	249.110000
263.700000	334.110000	223.570000
261.650000	327.750000	197.880000
257.820000	321.010000	172.510000
254.870000	320.110000	146.240000
254.940000	318.060000	121.070000
259.160000	327.290000	100.420000
267.830000	350.810000	94.008000
271.750000	365.130000	72.992000
270.140000	362.980000	47.095000
262.330000	349.090000	26.137000
257.290000	326.780000	14.068000
292.250000	327.710000	633.270000
291.090000	323.420000	607.560000
292.870000	324.260000	581.210000
296.160000	328.330000	555.490000
298.580000	330.440000	529.430000
301.820000	333.380000	503.390000
302.990000	335.010000	477.210000
306.320000	336.540000	451.090000
309.070000	338.860000	424.950000
310.990000	340.040000	398.670000
312.160000	341.330000	372.320000
311.660000	341.120000	346.380000
308.880000	338.400000	320.320000
305.830000	336.420000	294.490000
302.260000	332.680000	268.790000
299.290000	328.330000	243.280000
295.310000	324.140000	218.550000
288.280000	317.110000	194.920000
283.860000	312.640000	169.270000
280.410000	309.870000	143.270000
279.380000	308.330000	117.020000
280.070000	310.070000	92.095000
292.760000	327.560000	78.611000
300.170000	338.150000	56.554000
296.590000	333.860000	31.510000
285.330000	317.950000	14.073000
332.070000	258.850000	615.140000
324.360000	261.220000	592.230000
324.320000	261.250000	568.300000
330.930000	259.300000	544.710000
330.680000	259.420000	519.720000
330.400000	258.870000	494.750000
333.660000	256.740000	471.720000
336.360000	255.240000	447.190000
338.690000	254.500000	423.950000
338.650000	253.230000	400.140000
337.930000	253.460000	375.160000
335.420000	253.130000	350.290000
330.550000	253.790000	325.750000
324.090000	255.710000	301.590000
318.260000	256.180000	278.090000
311.480000	257.740000	254.040000
303.890000	258.880000	230.200000
297.370000	260.880000	206.110000
290.830000	261.440000	182.120000
292.580000	260.450000	157.200000
291.270000	260.190000	132.270000
299.890000	258.150000	109.710000
315.910000	254.880000	91.295000
315.840000	257.850000	66.824000
309.660000	262.020000	43.098000
299.010000	269.570000	23.047000
263.120000	199.800000	591.840000
263.420000	206.620000	569.440000
262.460000	206.920000	547.650000
261.480000	204.510000	524.610000
259.730000	200.100000	501.200000
258.800000	195.390000	477.890000
257.600000	191.170000	454.480000
257.310000	186.610000	431.030000
256.650000	182.540000	407.690000
255.770000	179.800000	384.180000
255.830000	180.450000	360.540000
254.470000	183.970000	336.970000
253.390000	188.830000	313.640000
253.040000	193.820000	290.380000
253.150000	200.230000	267.370000
253.300000	204.870000	244.020000
253.220000	213.430000	221.990000
252.360000	221.300000	199.530000
253.320000	222.570000	176.490000
254.130000	226.880000	153.140000
255.530000	226.530000	129.700000
256.420000	214.920000	109.390000
258.810000	218.020000	86.869000
260.090000	228.070000	65.928000
261.700000	222.180000	43.286000
260.820000	239.720000	30.079000
187.230000	247.160000	592.440000
200.170000	249.940000	573.130000
200.560000	249.250000	549.870000
197.280000	248.590000	526.600000
193.410000	247.780000	503.370000
188.050000	247.600000	480.630000
185.060000	245.980000	458.470000
182.200000	245.450000	435.130000
176.250000	242.010000	413.600000
173.730000	241.210000	390.330000
174.870000	240.030000	366.980000
176.160000	239.550000	343.760000
179.830000	240.730000	320.520000
185.490000	241.370000	297.710000
191.210000	242.380000	274.900000
197.670000	244.520000	252.530000
201.830000	244.800000	229.820000
211.010000	246.760000	208.500000
216.050000	246.260000	185.600000
219.960000	246.380000	162.450000
216.130000	241.710000	139.980000
212.390000	244.240000	119.190000
206.420000	247.270000	97.008000
210.770000	251.870000	74.531000
218.490000	253.850000	52.391000
229.030000	258.810000	32.212000
217.790000	327.940000	610.550000
220.350000	323.370000	586.530000
218.540000	321.350000	562.260000
216.610000	323.480000	537.780000
212.250000	327.740000	513.720000
210.100000	330.200000	489.040000
206.470000	332.130000	464.680000
202.630000	335.820000	440.330000
201.660000	338.260000	415.570000
199.970000	339.670000	390.820000
200.550000	338.990000	366.300000
198.230000	341.030000	341.810000
201.950000	336.540000	318.080000
206.610000	332.060000	294.210000
209.960000	326.830000	270.070000
214.160000	321.390000	246.200000
218.760000	315.290000	222.520000
223.830000	309.910000	198.740000
227.430000	306.610000	174.420000
230.140000	302.260000	150.090000
229.820000	302.130000	125.530000
222.420000	309.020000	105.420000
211.750000	320.380000	87.157000
216.060000	322.830000	63.267000
224.280000	318.700000	40.185000
234.440000	312.440000	19.561000
