538.800000	527.360000	670.350000
528.440000	529.030000	681.450000
527.030000	531.090000	697.640000
530.130000	529.990000	713.910000
538.180000	523.270000	726.560000
547.510000	513.280000	735.410000
556.180000	499.540000	737.880000
562.910000	484.290000	737.640000
566.220000	469.410000	731.640000
568.520000	455.010000	725.040000
567.330000	447.550000	710.760000
565.610000	439.340000	696.990000
565.170000	436.380000	680.940000
568.650000	440.240000	665.060000
576.330000	446.740000	652.160000
588.790000	452.430000	643.540000
584.900000	444.500000	658.690000
582.470000	436.180000	675.300000
582.670000	422.850000	688.820000
585.470000	408.080000	697.700000
588.080000	391.130000	704.580000
588.360000	373.010000	709.350000
579.450000	356.490000	710.870000
566.320000	344.590000	707.480000
550.380000	344.230000	705.920000
532.580000	345.410000	702.130000
520.650000	351.440000	688.740000
509.410000	360.560000	677.040000
501.750000	366.000000	662.240000
494.430000	368.140000	645.730000
496.120000	372.120000	627.360000
494.960000	371.500000	612.270000
498.420000	385.390000	621.090000
501.590000	385.860000	642.650000
497.030000	374.340000	660.370000
488.380000	361.070000	675.080000
471.520000	352.260000	685.200000
453.780000	345.820000	693.740000
433.550000	347.210000	701.910000
414.580000	358.240000	704.880000
403.290000	376.970000	702.260000
398.950000	394.520000	692.790000
400.950000	412.570000	683.000000
404.000000	429.250000	674.280000
413.030000	442.870000	660.280000
419.420000	448.140000	640.810000
420.460000	439.720000	623.750000
403.160000	439.350000	616.970000
404.210000	434.230000	635.360000
401.830000	426.270000	653.240000
398.290000	425.330000	672.330000
394.750000	431.000000	690.170000
390.310000	439.370000	707.420000
387.400000	444.350000	723.110000
387.240000	461.620000	732.210000
390.430000	480.210000	736.920000
401.850000	496.270000	735.390000
416.250000	507.710000	727.710000
431.660000	511.560000	716.920000
448.400000	512.680000	707.740000
461.280000	514.160000	692.640000
466.070000	519.550000	674.310000
458.660000	524.820000	657.610000
450.470000	533.980000	654.770000
454.960000	531.050000	664.780000
452.110000	525.470000	678.370000
452.660000	520.480000	692.540000
457.940000	515.910000	705.690000
466.580000	517.000000	717.900000
474.640000	518.090000	729.950000
487.330000	522.560000	733.930000
500.270000	526.190000	738.210000
514.270000	524.380000	741.750000
527.670000	526.450000	735.300000
540.430000	527.810000	727.160000
551.840000	525.340000	717.690000
558.210000	526.040000	704.440000
562.910000	527.360000	690.690000
559.280000	533.170000	677.280000
551.500000	536.740000	664.670000
566.970000	486.960000	728.630000
570.380000	489.490000	719.320000
572.030000	491.400000	709.440000
571.910000	492.250000	699.250000
572.150000	493.180000	689.070000
571.440000	493.510000	678.860000
570.340000	493.720000	668.690000
568.790000	493.530000	658.610000
567.260000	349.740000	696.440000
565.680000	356.460000	685.900000
563.200000	364.260000	676.330000
561.030000	371.760000	666.430000
558.530000	379.660000	656.950000
556.190000	387.250000	647.180000
554.220000	394.460000	637.120000
551.670000	401.740000	627.240000
417.890000	361.500000	692.670000
422.270000	366.280000	681.260000
426.440000	371.200000	669.820000
431.360000	377.370000	659.360000
435.890000	383.440000	648.630000
440.450000	389.860000	638.130000
444.640000	396.080000	627.350000
448.590000	403.070000	617.010000
389.120000	485.240000	725.130000
391.110000	488.100000	712.750000
396.360000	488.880000	700.880000
401.930000	489.390000	689.130000
407.160000	489.760000	677.230000
411.970000	489.920000	665.170000
416.250000	490.300000	652.980000
420.390000	489.670000	640.820000
499.280000	532.780000	731.330000
498.530000	537.070000	722.840000
498.390000	540.210000	713.750000
498.700000	541.020000	704.190000
498.530000	542.650000	694.730000
498.560000	542.420000	685.220000
498.680000	541.580000	675.670000
498.550000	540.440000	666.120000
555.950000	526.570000	664.550000
560.200000	515.570000	662.900000
564.640000	504.510000	660.930000
538.800000	538.800000	538.800000
574.470000	483.450000	655.380000
578.250000	472.480000	651.880000
583.920000	462.750000	647.330000
538.800000	538.800000	538.800000
581.380000	440.070000	640.420000
572.350000	426.210000	637.320000
562.030000	413.590000	633.050000
538.800000	538.800000	538.800000
539.490000	391.480000	622.080000
524.090000	385.780000	619.570000
509.980000	377.710000	615.110000
538.800000	538.800000	538.800000
483.050000	378.050000	612.960000
470.870000	385.870000	614.530000
459.660000	393.490000	615.590000
538.800000	538.800000	538.800000
436.910000	411.980000	617.350000
425.510000	421.270000	617.520000
413.160000	428.780000	615.670000
538.800000	538.800000	538.800000
406.370000	452.600000	622.150000
410.800000	464.890000	628.840000
414.140000	477.910000	634.590000
538.800000	538.800000	538.800000
427.520000	500.540000	646.410000
434.210000	510.940000	650.150000
443.120000	521.490000	653.090000
538.800000	538.800000	538.800000
460.290000	539.980000	658.730000
473.450000	539.750000	661.830000
485.210000	542.140000	663.790000
538.800000	538.800000	538.800000
512.120000	539.310000	667.570000
525.710000	537.930000	667.980000
539.260000	537.690000	667.010000
538.800000	538.800000	538.800000
564.680000	494.610000	635.780000
562.130000	495.480000	613.740000
563.460000	497.620000	590.490000
566.500000	500.080000	567.840000
570.960000	502.860000	545.140000
575.880000	505.440000	522.410000
579.930000	507.470000	499.470000
585.370000	510.370000	476.880000
588.960000	513.160000	453.980000
590.760000	515.880000	430.870000
592.780000	518.850000	407.770000
590.810000	521.390000	384.700000
588.300000	524.070000	361.610000
583.640000	526.540000	338.890000
579.630000	529.380000	316.040000
571.940000	531.550000	294.180000
563.610000	533.600000	272.390000
555.960000	535.110000	250.530000
546.820000	535.890000	229.260000
541.240000	536.090000	208.180000
547.010000	535.920000	186.420000
562.100000	539.210000	169.770000
581.840000	546.280000	159.710000
592.290000	557.360000	142.590000
598.050000	561.900000	120.780000
595.000000	560.920000	99.215000
547.730000	411.090000	610.470000
546.000000	417.000000	592.210000
545.430000	419.510000	572.540000
546.310000	418.840000	553.050000
547.640000	416.430000	533.200000
549.300000	413.120000	513.500000
550.720000	410.510000	493.770000
551.780000	408.480000	473.820000
553.700000	405.640000	454.070000
554.860000	404.420000	434.100000
555.290000	404.620000	414.070000
555.230000	405.930000	394.030000
553.750000	409.400000	374.400000
552.450000	413.080000	354.810000
550.560000	417.860000	335.440000
548.360000	423.170000	318.060000
546.030000	428.960000	299.140000
542.800000	436.660000	280.930000
540.220000	444.630000	262.680000
537.250000	453.590000	244.960000
534.410000	462.340000	227.260000
532.850000	469.380000	208.650000
536.590000	470.700000	189.440000
542.610000	465.790000	171.250000
548.600000	461.590000	152.700000
550.770000	462.840000	132.990000
453.640000	412.330000	600.880000
456.530000	419.780000	583.380000
456.510000	423.810000	564.920000
454.640000	425.610000	545.890000
451.160000	425.260000	527.150000
447.670000	424.410000	508.280000
442.820000	421.750000	490.150000
438.810000	419.830000	471.770000
434.840000	417.350000	453.160000
432.680000	416.910000	434.410000
430.950000	416.910000	415.310000
430.420000	418.200000	396.270000
430.720000	420.410000	377.100000
431.720000	423.360000	358.050000
432.370000	425.410000	338.880000
435.920000	431.670000	321.380000
438.730000	436.300000	302.980000
442.650000	442.380000	285.130000
447.130000	448.480000	267.400000
452.510000	455.570000	250.290000
457.900000	460.530000	232.470000
462.350000	466.390000	214.760000
462.040000	467.310000	195.610000
457.540000	464.730000	177.060000
452.340000	460.030000	159.530000
452.280000	457.080000	140.640000
426.630000	491.780000	621.980000
429.530000	495.250000	603.180000
428.950000	499.720000	584.100000
427.010000	504.410000	565.180000
423.950000	509.340000	545.930000
419.680000	514.460000	526.890000
415.280000	519.620000	507.950000
411.460000	524.410000	488.720000
407.670000	529.020000	469.490000
404.130000	533.300000	450.470000
404.410000	535.680000	430.680000
404.900000	537.800000	410.920000
405.690000	539.660000	390.960000
407.530000	540.910000	370.900000
411.400000	541.010000	351.140000
415.620000	540.810000	331.430000
420.390000	540.250000	311.820000
426.690000	538.700000	292.770000
432.060000	537.630000	273.340000
438.190000	535.780000	254.210000
442.960000	534.990000	234.640000
445.710000	535.700000	214.730000
444.030000	539.670000	195.300000
436.280000	547.830000	178.910000
427.060000	552.450000	161.810000
424.540000	550.330000	142.070000
498.970000	537.030000	642.920000
499.830000	538.270000	620.550000
500.670000	541.880000	598.720000
501.390000	545.030000	575.640000
502.120000	550.970000	552.960000
501.930000	559.470000	531.010000
501.540000	566.440000	508.730000
501.480000	573.050000	486.130000
501.570000	579.220000	463.680000
501.660000	584.510000	440.820000
501.800000	588.190000	417.490000
501.970000	590.930000	394.040000
502.170000	592.870000	370.550000
502.580000	591.930000	347.010000
502.950000	591.570000	323.370000
503.400000	590.080000	300.050000
503.990000	585.790000	276.900000
504.050000	582.410000	253.580000
504.050000	574.590000	231.490000
503.470000	569.160000	208.490000
501.510000	572.130000	185.840000
497.620000	591.600000	173.950000
493.910000	613.720000	166.490000
491.240000	629.280000	149.650000
491.870000	631.050000	126.530000
493.550000	620.520000	105.670000
541.000000	523.400000	650.360000
536.690000	519.700000	631.200000
536.370000	521.880000	609.710000
538.330000	525.260000	588.070000
540.100000	528.850000	566.570000
542.510000	533.430000	544.950000
545.560000	538.920000	523.680000
548.780000	545.250000	502.650000
551.150000	550.690000	481.590000
553.390000	556.490000	460.280000
554.470000	560.520000	438.550000
554.760000	563.410000	416.590000
555.180000	566.740000	394.560000
554.160000	567.770000	372.400000
553.490000	569.410000	350.290000
551.290000	568.960000	328.170000
548.410000	567.860000	306.100000
545.040000	566.090000	284.160000
541.250000	563.040000	262.430000
537.760000	560.630000	240.600000
533.610000	558.340000	218.890000
530.720000	558.200000	196.870000
533.500000	563.890000	176.470000
545.100000	580.220000	167.610000
553.500000	594.100000	153.170000
553.880000	595.980000	131.490000
575.210000	456.980000	628.170000
567.650000	458.890000	609.200000
567.480000	459.710000	588.410000
569.930000	459.630000	567.330000
574.460000	459.080000	546.430000
580.290000	458.560000	526.090000
582.630000	459.060000	504.990000
587.360000	459.340000	484.190000
590.300000	460.200000	464.190000
593.100000	461.400000	443.130000
594.350000	463.230000	422.130000
593.920000	465.810000	400.920000
593.050000	468.730000	379.760000
590.190000	472.460000	358.910000
586.370000	476.670000	338.300000
580.970000	481.430000	318.220000
574.410000	486.340000	298.470000
566.610000	491.540000	279.270000
559.780000	496.540000	259.840000
552.980000	501.430000	240.200000
546.880000	505.850000	220.340000
545.290000	509.580000	199.570000
553.820000	510.200000	180.360000
567.800000	510.330000	164.280000
572.970000	510.980000	144.410000
568.700000	512.030000	123.730000
495.200000	386.540000	602.070000
495.380000	400.720000	590.590000
494.300000	407.790000	573.160000
492.810000	408.140000	554.130000
491.700000	406.620000	534.970000
490.900000	403.290000	515.990000
490.070000	399.040000	497.650000
489.220000	394.810000	479.010000
488.530000	392.040000	460.000000
487.940000	390.070000	440.880000
487.340000	386.900000	422.030000
487.180000	389.070000	403.600000
487.030000	387.860000	384.780000
486.980000	394.140000	367.250000
486.980000	398.950000	348.930000
487.030000	405.480000	330.790000
487.290000	413.070000	313.090000
489.260000	419.710000	295.910000
491.080000	428.700000	279.030000
493.030000	436.860000	261.800000
494.950000	444.480000	244.210000
496.590000	452.560000	226.950000
498.660000	457.470000	208.460000
501.780000	455.460000	189.860000
505.180000	447.310000	172.750000
506.780000	448.090000	154.030000
418.110000	447.520000	607.450000
431.140000	454.900000	594.980000
435.560000	458.630000	576.210000
433.450000	460.390000	556.340000
428.480000	460.850000	537.360000
423.020000	461.040000	518.080000
417.210000	461.030000	498.940000
410.040000	460.410000	480.340000
403.380000	459.970000	461.540000
399.920000	460.730000	442.030000
397.870000	461.940000	422.630000
398.880000	464.260000	403.130000
400.270000	466.680000	383.280000
403.720000	469.760000	364.190000
407.800000	472.980000	344.940000
412.670000	476.350000	325.860000
419.870000	480.450000	307.560000
425.660000	483.290000	288.560000
432.300000	486.420000	269.860000
438.020000	489.510000	250.870000
442.830000	492.830000	232.090000
442.990000	496.840000	213.020000
440.900000	500.350000	194.150000
430.780000	501.380000	176.960000
429.570000	503.190000	157.820000
438.510000	506.110000	140.140000
457.640000	528.220000	635.420000
461.790000	528.070000	614.350000
462.890000	532.060000	594.490000
462.190000	537.760000	573.590000
459.650000	544.900000	553.350000
456.950000	552.300000	533.080000
455.000000	558.050000	512.240000
453.090000	564.170000	491.650000
451.390000	570.420000	470.920000
450.080000	576.250000	450.100000
449.550000	580.230000	428.730000
449.960000	581.870000	407.110000
450.640000	583.050000	385.520000
452.480000	581.520000	364.010000
454.950000	578.990000	342.620000
457.170000	577.010000	321.190000
460.600000	572.750000	300.150000
463.780000	568.850000	279.100000
467.600000	564.150000	258.250000
470.550000	561.030000	236.940000
472.990000	558.900000	215.600000
471.790000	562.360000	194.600000
464.840000	574.770000	179.150000
457.060000	587.380000	163.570000
456.620000	589.550000	142.520000
460.990000	584.670000	121.790000
