518.150000	543.600000	727.760000
514.860000	545.090000	746.040000
517.460000	543.840000	764.330000
521.540000	535.670000	780.880000
529.240000	525.010000	794.170000
538.950000	510.460000	800.840000
547.600000	493.690000	802.890000
554.600000	476.310000	800.980000
560.980000	462.190000	790.280000
564.610000	450.820000	775.740000
566.830000	440.160000	760.330000
566.460000	431.300000	744.150000
563.530000	431.430000	725.700000
563.830000	433.860000	707.400000
565.170000	448.930000	697.150000
579.910000	455.450000	688.300000
583.490000	445.080000	704.280000
587.230000	438.270000	722.340000
590.690000	427.930000	738.200000
591.820000	411.850000	749.090000
592.400000	397.590000	761.270000
589.830000	382.630000	772.850000
583.380000	364.290000	773.180000
570.500000	350.050000	771.740000
555.870000	339.700000	764.580000
543.090000	335.750000	750.640000
532.460000	337.620000	734.440000
521.020000	338.660000	719.050000
512.300000	345.270000	703.280000
507.300000	352.510000	686.030000
506.330000	359.480000	667.810000
508.720000	369.960000	651.380000
509.200000	379.960000	668.140000
512.300000	374.610000	685.960000
509.000000	356.950000	695.290000
504.350000	337.500000	699.470000
494.670000	325.600000	712.550000
480.890000	321.500000	726.380000
463.470000	322.280000	735.830000
443.830000	327.000000	736.900000
427.490000	337.890000	734.740000
416.080000	350.330000	722.890000
407.800000	361.780000	708.600000
402.460000	373.660000	695.650000
411.490000	391.780000	695.080000
416.700000	408.280000	685.360000
417.980000	409.750000	665.420000
415.170000	401.440000	657.920000
408.790000	398.070000	675.540000
405.380000	393.090000	694.430000
401.210000	391.170000	714.000000
397.110000	393.060000	733.460000
392.150000	397.420000	752.630000
388.680000	403.530000	771.660000
386.340000	414.420000	786.920000
382.300000	432.430000	793.760000
384.880000	451.520000	797.870000
389.170000	471.020000	795.900000
393.000000	486.160000	783.550000
398.620000	496.180000	767.210000
405.780000	506.030000	751.050000
412.900000	516.280000	735.240000
417.540000	519.920000	716.010000
421.510000	521.020000	696.560000
439.400000	512.710000	705.040000
424.360000	502.610000	706.920000
420.760000	490.230000	723.490000
420.360000	486.590000	743.920000
424.950000	491.620000	763.620000
435.040000	498.120000	781.150000
450.150000	505.430000	794.310000
467.960000	511.290000	804.200000
488.010000	515.110000	806.740000
508.160000	517.350000	801.360000
526.560000	516.570000	791.460000
536.750000	515.880000	773.580000
539.460000	515.150000	752.420000
535.270000	513.510000	732.380000
520.350000	523.150000	721.770000
524.890000	535.960000	711.840000
558.760000	480.030000	789.820000
562.820000	483.500000	778.590000
564.050000	486.420000	766.570000
564.260000	489.110000	754.470000
562.900000	491.280000	742.380000
561.750000	493.640000	730.220000
559.600000	496.030000	718.320000
556.870000	497.270000	706.250000
576.060000	351.520000	757.450000
575.240000	357.750000	743.330000
571.180000	365.980000	730.560000
567.390000	374.040000	717.580000
562.830000	382.460000	705.400000
559.050000	390.740000	693.120000
554.960000	399.520000	681.110000
550.900000	407.600000	668.340000
442.680000	327.550000	723.310000
442.940000	331.470000	710.150000
443.660000	336.110000	697.260000
445.510000	342.580000	685.320000
448.920000	351.660000	675.680000
453.400000	362.250000	668.280000
458.660000	373.840000	663.350000
463.330000	384.170000	655.710000
375.760000	437.210000	780.630000
373.110000	442.500000	766.490000
375.570000	447.380000	752.100000
380.590000	450.980000	737.970000
384.680000	453.990000	723.380000
390.170000	455.580000	709.840000
395.150000	456.990000	695.330000
401.420000	457.970000	681.440000
467.930000	518.980000	794.690000
468.280000	525.600000	784.260000
469.130000	530.140000	772.890000
470.020000	532.930000	760.870000
470.720000	533.900000	748.620000
471.060000	533.890000	736.250000
471.210000	532.920000	723.980000
471.530000	532.580000	711.760000
532.660000	525.550000	713.410000
542.470000	517.330000	711.380000
549.410000	506.520000	709.380000
518.150000	518.150000	518.150000
563.160000	487.820000	702.510000
568.390000	476.800000	697.630000
574.320000	466.430000	692.070000
518.150000	518.150000	518.150000
576.230000	442.170000	682.770000
567.130000	431.110000	677.960000
558.860000	419.300000	673.340000
518.150000	518.150000	518.150000
541.150000	396.920000	664.200000
530.640000	387.080000	660.530000
519.580000	377.820000	656.610000
518.150000	518.150000	518.150000
498.340000	369.280000	652.720000
487.710000	375.220000	654.800000
475.600000	380.240000	655.850000
518.150000	518.150000	518.150000
451.120000	388.200000	655.860000
439.330000	393.550000	657.860000
427.160000	396.940000	658.190000
518.150000	518.150000	518.150000
406.190000	412.430000	660.540000
406.620000	426.390000	668.320000
403.760000	441.690000	675.980000
518.150000	518.150000	518.150000
402.590000	474.490000	686.410000
406.160000	490.750000	690.630000
412.520000	506.540000	694.080000
518.150000	518.150000	518.150000
433.350000	525.250000	700.850000
446.220000	526.930000	705.030000
458.590000	530.990000	708.980000
518.150000	518.150000	518.150000
484.860000	533.350000	713.890000
498.420000	534.790000	715.120000
512.040000	534.370000	715.800000
518.150000	518.150000	518.150000
551.720000	497.510000	682.260000
551.520000	500.090000	657.560000
552.650000	502.740000	633.630000
556.580000	507.300000	609.450000
560.300000	510.600000	584.780000
565.010000	514.020000	560.310000
572.270000	518.270000	537.280000
574.410000	519.650000	512.470000
578.440000	522.270000	487.770000
580.360000	524.620000	462.730000
580.710000	526.350000	437.540000
579.270000	527.690000	412.480000
575.970000	528.730000	387.680000
571.960000	529.590000	363.210000
566.660000	530.190000	338.570000
560.260000	530.390000	314.240000
553.790000	530.230000	290.060000
545.470000	529.090000	266.320000
540.710000	528.240000	242.920000
532.990000	525.610000	225.070000
532.380000	525.500000	199.830000
539.240000	531.000000	177.190000
556.060000	542.370000	162.580000
573.470000	553.790000	148.690000
579.210000	560.070000	125.560000
576.760000	562.030000	100.760000
547.580000	416.540000	647.330000
543.510000	422.510000	628.730000
547.610000	422.810000	605.390000
552.050000	422.390000	582.030000
555.110000	422.160000	558.890000
558.920000	420.700000	536.330000
562.510000	418.620000	514.540000
567.120000	415.110000	491.840000
567.980000	412.950000	468.310000
569.360000	411.920000	444.440000
569.530000	412.780000	421.240000
568.750000	414.730000	397.420000
566.130000	418.280000	373.780000
561.760000	423.300000	350.770000
554.970000	430.090000	329.020000
548.470000	437.000000	306.910000
547.520000	440.340000	286.860000
538.350000	447.970000	274.390000
532.030000	455.350000	252.390000
528.140000	461.700000	229.550000
528.800000	464.090000	208.820000
537.230000	461.480000	187.420000
547.440000	457.620000	166.390000
551.100000	457.210000	145.090000
546.030000	461.580000	122.160000
541.260000	464.860000	99.128000
506.330000	390.120000	642.640000
505.830000	403.020000	626.020000
506.890000	404.810000	603.770000
507.500000	403.480000	581.410000
507.920000	398.840000	559.310000
507.830000	395.380000	537.260000
507.860000	389.380000	515.470000
507.490000	384.960000	494.070000
506.980000	379.970000	472.350000
505.860000	378.110000	449.870000
505.370000	378.540000	427.170000
505.030000	379.830000	404.540000
504.370000	383.210000	382.540000
503.730000	387.580000	360.530000
502.710000	393.980000	339.070000
501.570000	401.770000	318.510000
500.230000	411.600000	298.230000
499.600000	421.500000	277.820000
500.410000	429.520000	257.040000
502.380000	436.110000	235.940000
503.500000	441.120000	214.490000
506.470000	434.090000	193.400000
508.230000	427.670000	172.160000
506.690000	437.180000	151.740000
504.040000	445.580000	131.060000
503.680000	447.770000	108.630000
408.640000	460.920000	660.150000
411.910000	463.390000	639.420000
412.920000	465.890000	618.750000
407.560000	467.620000	598.370000
407.870000	470.370000	577.700000
403.990000	472.380000	558.650000
396.850000	473.900000	540.240000
390.320000	476.220000	518.490000
384.800000	478.860000	496.170000
381.310000	481.630000	473.400000
378.830000	484.180000	450.620000
376.500000	486.320000	428.110000
378.250000	488.250000	406.380000
380.330000	489.900000	383.520000
382.360000	491.230000	360.860000
389.840000	492.220000	339.650000
397.140000	492.900000	317.670000
405.600000	493.240000	296.720000
414.310000	493.340000	276.070000
421.960000	493.540000	254.290000
426.420000	492.490000	231.870000
425.210000	491.470000	210.780000
414.880000	493.030000	190.250000
404.400000	496.850000	170.830000
402.050000	503.700000	148.990000
407.290000	513.320000	128.890000
471.630000	530.830000	686.350000
471.780000	530.970000	660.610000
472.370000	536.170000	635.630000
472.890000	543.540000	611.260000
472.480000	549.800000	586.320000
471.800000	556.640000	561.940000
470.800000	563.420000	537.260000
469.720000	571.190000	513.140000
468.540000	578.080000	488.570000
468.090000	581.550000	462.890000
467.290000	584.910000	437.270000
466.840000	585.930000	411.390000
466.110000	587.150000	386.370000
466.720000	584.930000	361.060000
467.960000	581.290000	335.710000
470.190000	575.390000	312.190000
472.080000	569.370000	287.220000
473.970000	561.870000	262.960000
475.050000	553.810000	238.560000
473.850000	551.180000	212.950000
470.880000	554.510000	188.390000
465.410000	571.510000	170.190000
460.630000	594.570000	159.500000
456.310000	610.970000	140.260000
455.220000	614.500000	115.010000
458.230000	609.120000	90.677000
519.800000	524.900000	692.320000
517.310000	520.380000	669.050000
517.660000	522.500000	643.010000
520.280000	527.810000	617.780000
523.960000	534.750000	593.760000
527.300000	541.920000	569.290000
530.010000	548.930000	544.530000
533.800000	558.260000	520.270000
535.630000	565.040000	494.870000
536.990000	570.850000	469.250000
538.010000	575.420000	443.310000
538.120000	577.800000	417.120000
538.660000	580.750000	391.040000
536.570000	578.820000	364.940000
534.800000	577.680000	338.730000
532.140000	575.220000	312.720000
528.970000	572.040000	286.770000
524.600000	567.000000	261.460000
519.140000	560.170000	236.650000
516.480000	557.390000	210.630000
515.350000	556.650000	190.220000
517.070000	562.050000	166.810000
526.490000	582.000000	153.270000
530.950000	593.780000	131.980000
526.690000	585.460000	107.720000
520.590000	583.240000	82.488000
567.410000	460.260000	670.440000
562.740000	464.680000	648.380000
564.500000	467.740000	624.990000
569.770000	469.220000	602.770000
573.740000	469.840000	579.170000
577.780000	470.010000	556.090000
583.540000	469.760000	532.870000
587.810000	469.450000	509.210000
592.480000	469.140000	485.670000
595.200000	469.670000	462.120000
595.810000	470.850000	438.220000
594.530000	472.590000	414.330000
593.970000	474.850000	390.640000
588.250000	477.250000	369.120000
582.900000	480.210000	346.010000
576.810000	483.550000	323.010000
569.130000	487.110000	300.510000
560.080000	490.820000	278.580000
551.090000	494.860000	256.620000
542.650000	499.260000	234.540000
537.960000	500.780000	211.270000
541.020000	500.680000	187.580000
551.430000	498.020000	166.220000
560.070000	495.640000	143.900000
559.800000	494.870000	120.750000
553.840000	492.560000	97.908000
467.750000	397.460000	638.980000
467.420000	402.110000	617.590000
465.600000	403.380000	595.580000
462.940000	402.620000	573.780000
458.210000	396.530000	553.730000
456.240000	396.470000	532.940000
452.950000	393.040000	511.310000
450.460000	390.920000	490.050000
446.970000	385.220000	469.000000
445.400000	384.440000	447.490000
443.810000	383.280000	425.620000
442.600000	383.330000	403.740000
441.840000	386.100000	381.920000
443.180000	390.520000	360.320000
443.830000	391.130000	343.960000
446.060000	398.930000	324.080000
447.350000	404.620000	302.690000
450.690000	414.640000	283.180000
453.540000	422.890000	262.830000
456.350000	430.420000	242.240000
457.660000	435.150000	220.710000
455.110000	434.040000	198.870000
449.230000	428.160000	178.360000
445.730000	425.400000	156.860000
447.270000	428.580000	135.030000
452.990000	436.560000	115.180000
426.790000	417.210000	648.500000
432.580000	423.180000	628.590000
432.720000	425.250000	606.650000
429.060000	426.090000	584.360000
422.900000	425.760000	563.240000
417.180000	425.670000	541.660000
411.310000	425.100000	519.970000
404.090000	423.060000	500.580000
400.090000	423.120000	478.380000
397.100000	424.000000	456.040000
395.990000	425.790000	433.660000
394.540000	427.230000	411.130000
397.140000	431.060000	389.000000
400.070000	434.640000	368.510000
405.080000	439.150000	347.140000
409.780000	443.110000	326.540000
415.900000	447.500000	305.260000
422.800000	451.880000	284.560000
428.400000	455.600000	263.330000
432.180000	458.820000	241.360000
434.960000	462.120000	219.730000
428.100000	462.260000	198.450000
418.620000	459.430000	178.710000
420.750000	463.330000	156.680000
429.150000	470.890000	137.280000
431.160000	472.950000	114.990000
428.150000	522.550000	693.200000
431.640000	511.980000	676.390000
429.760000	510.310000	653.010000
429.370000	511.510000	630.050000
426.840000	516.030000	606.900000
422.540000	522.550000	584.230000
419.570000	527.410000	560.870000
416.710000	533.100000	537.900000
413.400000	539.020000	514.590000
410.120000	544.300000	491.160000
407.660000	548.400000	467.300000
406.690000	550.770000	443.130000
406.230000	552.290000	418.980000
407.850000	551.670000	394.770000
410.620000	549.730000	370.730000
413.320000	547.540000	346.830000
418.220000	543.220000	323.440000
423.050000	538.730000	300.510000
428.460000	533.530000	277.350000
433.600000	528.340000	254.120000
437.150000	524.350000	230.360000
436.640000	523.860000	209.390000
431.250000	529.370000	186.560000
424.270000	540.070000	166.240000
422.740000	545.850000	143.290000
426.850000	548.370000	119.980000
