1390.920000	1391.700000	1699.880000
1414.500000	1384.880000	1655.000000
1424.600000	1361.300000	1610.620000
1425.540000	1329.880000	1571.520000
1420.700000	1293.000000	1547.260000
1374.320000	1301.260000	1540.720000
1332.120000	1316.140000	1564.940000
1293.960000	1314.320000	1598.140000
1264.760000	1296.280000	1635.760000
1243.360000	1268.300000	1673.220000
1226.900000	1234.960000	1708.160000
1210.740000	1198.960000	1740.620000
1208.900000	1153.560000	1763.540000
1232.400000	1110.900000	1773.900000
1263.200000	1094.700000	1802.720000
1243.700000	1127.880000	1824.280000
1224.960000	1079.400000	1813.380000
1195.700000	1037.520000	1800.620000
1163.620000	993.940000	1803.200000
1138.660000	948.320000	1818.180000
1125.180000	902.160000	1841.960000
1117.360000	855.900000	1869.920000
1117.460000	819.460000	1905.860000
1125.220000	786.740000	1948.000000
1146.180000	767.360000	1991.320000
1170.280000	758.820000	2039.600000
1191.180000	759.760000	2089.000000
1202.480000	782.100000	2135.400000
1189.000000	818.900000	2172.400000
1157.340000	860.360000	2185.400000
1129.360000	899.600000	2163.400000
1096.420000	931.060000	2137.600000
1101.000000	927.200000	2193.600000
1063.780000	896.660000	2215.400000
1052.420000	885.260000	2166.800000
1079.200000	912.820000	2124.000000
1093.540000	958.260000	2091.400000
1096.220000	1009.200000	2063.800000
1087.960000	1056.740000	2032.200000
1061.920000	1105.720000	2017.400000
1019.780000	1138.300000	1994.560000
971.180000	1168.520000	1990.220000
920.980000	1194.680000	2000.800000
869.880000	1216.360000	2016.600000
826.240000	1226.360000	2051.400000
827.300000	1249.500000	2095.000000
877.400000	1258.160000	2081.000000
893.160000	1229.240000	2036.200000
859.900000	1268.360000	2050.800000
819.280000	1305.220000	2049.000000
784.580000	1335.000000	2019.200000
765.300000	1345.320000	1970.660000
767.480000	1347.960000	1918.080000
764.820000	1334.880000	1867.260000
788.260000	1313.200000	1823.520000
820.900000	1298.020000	1782.780000
861.420000	1282.400000	1750.460000
913.960000	1270.420000	1742.180000
967.960000	1268.200000	1734.720000
1020.120000	1280.820000	1723.820000
1070.360000	1303.260000	1723.240000
1115.660000	1329.160000	1739.380000
1157.260000	1342.920000	1771.020000
1201.140000	1347.240000	1788.460000
1193.580000	1379.120000	1750.340000
1219.240000	1356.760000	1713.700000
1261.320000	1341.820000	1687.720000
1307.260000	1337.180000	1664.560000
1354.860000	1354.720000	1657.240000
1400.860000	1377.820000	1650.480000
1445.060000	1401.040000	1637.700000
1477.220000	1438.560000	1630.260000
1500.080000	1481.040000	1635.700000
1518.740000	1524.980000	1649.080000
1524.480000	1505.700000	1680.080000
1500.020000	1464.380000	1668.720000
1462.780000	1428.520000	1672.780000
1428.780000	1392.380000	1684.940000
1398.560000	1368.520000	1717.260000
1365.580000	1386.580000	1742.840000
1296.960000	1281.560000	1600.780000
1307.820000	1251.120000	1609.060000
1322.400000	1226.380000	1625.880000
1336.880000	1208.160000	1649.820000
1350.400000	1195.920000	1677.840000
1364.700000	1189.740000	1707.160000
1375.500000	1194.500000	1738.440000
1381.620000	1203.940000	1769.880000
1140.720000	813.180000	1957.440000
1159.100000	838.520000	1964.900000
1179.620000	862.320000	1971.860000
1200.500000	885.540000	1979.640000
1219.260000	909.620000	1989.540000
1238.020000	933.040000	2000.800000
1253.580000	957.420000	2014.600000
1266.500000	982.260000	2030.200000
1032.660000	1082.160000	2013.000000
1001.060000	1064.060000	2022.400000
972.880000	1051.340000	2044.000000
953.620000	1046.240000	2076.200000
942.340000	1051.580000	2111.400000
946.940000	1068.320000	2144.400000
965.360000	1090.140000	2169.200000
992.080000	1112.160000	2183.800000
846.300000	1313.460000	1801.980000
872.620000	1318.160000	1825.560000
899.560000	1329.480000	1845.780000
926.800000	1342.120000	1865.180000
953.700000	1353.560000	1885.740000
979.940000	1362.480000	1908.320000
1005.840000	1368.140000	1932.340000
1031.980000	1371.100000	1956.460000
1451.840000	1457.080000	1632.400000
1426.280000	1468.360000	1649.160000
1403.640000	1475.120000	1671.940000
1384.260000	1473.980000	1698.420000
1365.700000	1471.340000	1725.500000
1351.400000	1465.040000	1754.440000
1343.140000	1454.180000	1784.160000
1337.140000	1438.400000	1812.140000
1384.860000	1343.380000	1746.380000
1397.840000	1297.340000	1750.300000
1394.840000	1249.080000	1757.460000
1390.920000	1390.920000	1390.920000
1360.680000	1162.820000	1786.160000
1331.220000	1129.440000	1803.980000
1287.740000	1127.640000	1816.900000
1390.920000	1390.920000	1390.920000
1270.260000	1078.600000	1858.680000
1279.520000	1040.780000	1910.940000
1274.980000	1008.560000	1969.320000
1390.920000	1390.920000	1390.920000
1252.420000	953.980000	2089.200000
1218.820000	933.780000	2142.800000
1158.740000	927.460000	2161.200000
1390.920000	1390.920000	1390.920000
1095.340000	964.320000	2191.200000
1060.840000	1008.660000	2212.400000
1027.080000	1061.240000	2199.800000
1390.920000	1390.920000	1390.920000
958.880000	1163.780000	2166.000000
921.280000	1210.780000	2144.600000
911.660000	1240.480000	2095.600000
1390.920000	1390.920000	1390.920000
906.000000	1289.560000	2049.800000
935.780000	1340.140000	2031.600000
981.840000	1361.680000	1994.180000
1390.920000	1390.920000	1390.920000
1081.640000	1381.120000	1918.340000
1127.060000	1389.340000	1874.860000
1164.320000	1382.340000	1825.520000
1390.920000	1390.920000	1390.920000
1211.560000	1392.120000	1796.620000
1242.340000	1424.760000	1805.660000
1289.400000	1432.640000	1808.080000
1390.920000	1390.920000	1390.920000
1384.500000	1430.740000	1815.360000
1417.440000	1400.180000	1804.780000
1402.260000	1376.400000	1769.560000
1390.920000	1390.920000	1390.920000
1361.180000	1228.220000	1844.140000
1302.820000	1218.340000	1897.220000
1235.040000	1187.220000	1863.020000
1192.260000	1146.700000	1801.480000
1156.660000	1114.140000	1731.760000
1130.960000	1086.820000	1655.260000
1107.560000	1063.800000	1576.700000
1087.620000	1044.640000	1496.420000
1070.300000	1029.580000	1414.460000
1056.360000	1018.200000	1331.320000
1044.620000	1011.100000	1247.540000
1038.080000	1006.020000	1162.720000
1034.200000	1004.280000	1078.760000
1030.100000	1002.340000	993.640000
1026.800000	1000.760000	908.500000
1026.580000	998.120000	823.320000
1026.160000	997.120000	738.120000
1031.000000	994.060000	653.080000
1037.880000	991.640000	568.240000
1048.200000	989.380000	483.660000
1065.060000	986.940000	400.240000
1081.720000	985.780000	317.320000
1104.660000	982.980000	235.440000
1150.860000	982.720000	164.384000
1168.960000	970.140000	86.186000
1096.260000	956.400000	73.798000
1266.640000	1058.860000	2045.400000
1239.060000	1126.500000	2020.600000
1186.820000	1118.880000	1963.980000
1146.400000	1071.980000	1908.860000
1112.560000	1033.020000	1843.460000
1081.200000	999.580000	1774.060000
1052.600000	972.460000	1701.020000
1028.520000	949.580000	1624.780000
1009.360000	931.540000	1545.820000
994.340000	920.880000	1464.620000
980.100000	914.000000	1382.940000
971.120000	908.660000	1300.420000
961.700000	910.940000	1217.760000
954.220000	914.160000	1135.000000
949.480000	916.000000	1051.840000
946.440000	917.780000	968.760000
946.260000	917.820000	885.420000
951.820000	918.060000	802.300000
956.880000	920.320000	719.160000
963.080000	922.300000	636.080000
971.340000	923.420000	553.740000
980.840000	925.680000	471.060000
994.540000	929.240000	389.020000
1021.540000	914.240000	312.720000
1049.420000	894.580000	237.180000
1044.240000	907.300000	156.892000
1058.900000	1159.880000	2179.600000
1101.680000	1179.440000	2113.000000
1096.120000	1164.020000	2033.800000
1060.320000	1133.580000	1963.940000
1015.040000	1101.140000	1905.260000
977.160000	1073.400000	1835.340000
943.820000	1048.280000	1762.300000
918.740000	1027.860000	1684.480000
897.020000	1009.500000	1605.140000
879.680000	993.660000	1524.280000
867.460000	980.860000	1441.960000
861.360000	972.020000	1358.380000
858.900000	965.440000	1274.420000
859.360000	962.780000	1190.220000
861.440000	960.660000	1105.980000
863.120000	957.800000	1021.800000
867.420000	956.480000	937.680000
870.520000	954.240000	853.520000
877.820000	954.480000	769.580000
886.920000	955.680000	685.840000
896.640000	957.100000	602.160000
908.120000	959.400000	518.700000
919.860000	961.800000	435.380000
930.040000	962.600000	352.040000
923.140000	951.360000	268.980000
921.900000	941.160000	190.576000
1091.040000	1338.080000	2000.000000
1125.260000	1275.520000	1988.260000
1095.700000	1236.840000	1927.040000
1046.880000	1219.040000	1863.780000
1002.840000	1194.460000	1799.340000
964.980000	1168.540000	1731.940000
934.580000	1146.980000	1659.060000
910.420000	1129.320000	1582.920000
893.600000	1112.940000	1504.460000
881.060000	1099.440000	1424.760000
874.720000	1085.940000	1344.260000
873.720000	1072.220000	1263.520000
875.360000	1060.020000	1182.500000
877.940000	1051.500000	1101.080000
882.220000	1044.520000	1019.560000
887.040000	1038.740000	938.000000
893.440000	1032.620000	856.540000
898.940000	1030.160000	774.900000
905.820000	1027.520000	693.680000
913.500000	1025.620000	612.200000
920.960000	1027.220000	530.640000
928.820000	1030.700000	449.220000
936.100000	1038.580000	368.000000
939.360000	1055.400000	288.180000
936.040000	1069.120000	207.980000
952.200000	1036.140000	140.182000
1301.440000	1385.580000	1866.140000
1257.180000	1322.800000	1897.200000
1204.120000	1266.700000	1867.540000
1152.800000	1236.060000	1807.780000
1110.100000	1208.420000	1740.020000
1075.380000	1186.180000	1666.340000
1047.400000	1166.340000	1588.700000
1025.700000	1149.480000	1508.460000
1009.260000	1135.760000	1426.320000
997.980000	1120.160000	1343.960000
990.720000	1107.560000	1260.300000
986.960000	1096.660000	1176.160000
985.860000	1089.360000	1091.640000
987.080000	1081.960000	1007.020000
988.700000	1076.340000	922.280000
991.180000	1070.280000	837.580000
994.120000	1066.000000	752.840000
997.600000	1064.400000	668.020000
1002.020000	1065.820000	583.260000
1007.820000	1064.100000	498.560000
1015.280000	1068.300000	414.280000
1022.580000	1066.020000	329.780000
1033.880000	1075.680000	246.300000
1043.660000	1116.280000	173.480000
1044.360000	1133.820000	96.888000
1020.760000	1063.780000	65.120000
1360.480000	1345.820000	1810.860000
1321.720000	1290.240000	1862.100000
1256.540000	1244.020000	1868.060000
1214.360000	1210.600000	1802.160000
1179.400000	1182.340000	1729.220000
1150.100000	1158.580000	1651.140000
1126.220000	1138.660000	1569.880000
1107.780000	1122.300000	1487.460000
1093.340000	1108.640000	1402.980000
1078.920000	1095.460000	1318.200000
1068.340000	1084.840000	1232.460000
1060.980000	1076.260000	1146.200000
1056.200000	1068.980000	1059.680000
1052.240000	1062.360000	973.120000
1050.160000	1056.980000	886.300000
1047.040000	1051.820000	799.620000
1048.760000	1048.960000	712.680000
1053.600000	1047.640000	625.800000
1060.480000	1047.500000	539.080000
1070.220000	1048.800000	452.600000
1080.960000	1050.940000	366.340000
1087.420000	1050.180000	279.560000
1096.920000	1049.760000	193.122000
1129.480000	1063.600000	113.934000
1122.540000	1052.360000	33.932000
1063.400000	1014.820000	61.920000
1306.140000	1112.180000	1864.060000
1333.560000	1136.400000	1930.240000
1266.720000	1170.100000	1942.320000
1203.780000	1135.300000	1898.760000
1168.040000	1088.840000	1835.040000
1135.900000	1050.580000	1764.220000
1108.160000	1018.600000	1688.620000
1080.800000	993.680000	1610.220000
1060.260000	976.900000	1527.920000
1045.320000	965.360000	1443.440000
1031.380000	957.480000	1358.320000
1019.420000	952.260000	1272.660000
1006.440000	950.960000	1187.000000
995.580000	951.940000	1101.020000
990.460000	952.680000	1014.460000
987.740000	954.620000	927.840000
990.620000	954.340000	841.240000
994.900000	953.120000	754.640000
998.880000	953.060000	668.040000
1005.300000	952.100000	581.580000
1015.320000	949.580000	495.560000
1028.940000	946.780000	410.120000
1053.040000	937.420000	327.600000
1089.160000	925.080000	251.120000
1131.760000	917.760000	176.994000
1078.140000	931.780000	121.218000
1140.640000	998.940000	2165.200000
1171.740000	1076.000000	2155.200000
1163.880000	1116.380000	2084.600000
1122.260000	1103.940000	2012.000000
1082.340000	1069.340000	1942.420000
1044.100000	1033.720000	1872.220000
1008.740000	1000.320000	1799.620000
979.520000	974.540000	1721.200000
954.900000	953.200000	1639.900000
932.300000	936.300000	1556.880000
915.000000	925.120000	1471.740000
902.420000	918.140000	1385.220000
894.040000	914.240000	1298.160000
890.160000	913.440000	1210.540000
888.520000	913.540000	1122.840000
889.080000	914.800000	1035.160000
890.100000	916.120000	947.640000
893.160000	917.860000	860.100000
898.840000	917.340000	772.700000
908.020000	918.520000	685.500000
916.820000	918.620000	598.280000
931.600000	922.800000	512.000000
948.180000	928.860000	426.240000
964.880000	936.060000	341.300000
972.480000	902.880000	262.560000
980.140000	916.140000	177.460000
953.620000	1260.780000	2082.000000
1033.340000	1274.360000	2101.600000
1086.240000	1236.240000	2051.600000
1065.120000	1197.960000	1979.480000
1018.740000	1172.480000	1911.180000
975.440000	1149.440000	1839.940000
935.300000	1126.920000	1766.840000
906.120000	1102.720000	1689.140000
882.460000	1081.880000	1608.720000
863.800000	1065.740000	1526.100000
850.080000	1051.740000	1441.980000
845.180000	1038.580000	1356.840000
841.360000	1027.620000	1271.240000
844.000000	1017.300000	1185.580000
846.220000	1009.440000	1099.540000
847.640000	1004.160000	1013.240000
850.460000	1000.600000	926.940000
857.900000	996.880000	840.920000
860.100000	996.900000	755.300000
872.380000	994.540000	670.420000
880.420000	995.960000	584.640000
895.520000	996.540000	499.560000
912.320000	999.180000	415.400000
927.700000	1004.920000	331.760000
906.340000	1013.060000	249.040000
932.000000	990.480000	170.676000
1192.400000	1397.740000	1844.580000
1189.180000	1384.020000	1922.900000
1181.920000	1309.000000	1948.860000
1144.720000	1263.280000	1888.160000
1099.120000	1239.900000	1819.040000
1056.260000	1211.200000	1750.260000
1012.680000	1187.740000	1679.500000
982.480000	1166.140000	1601.640000
960.020000	1148.600000	1519.960000
943.860000	1132.360000	1436.560000
932.900000	1115.760000	1352.460000
926.560000	1100.680000	1267.520000
924.180000	1087.100000	1182.120000
924.780000	1077.920000	1096.060000
927.560000	1071.420000	1011.160000
932.900000	1064.080000	925.100000
939.240000	1060.140000	838.900000
945.640000	1057.920000	752.620000
950.980000	1058.160000	666.380000
957.920000	1057.520000	580.280000
964.940000	1059.000000	494.040000
972.640000	1062.000000	407.920000
980.300000	1065.400000	321.860000
981.740000	1088.220000	239.160000
982.040000	1119.200000	160.652000
996.200000	1060.380000	108.016000
