1476.660000	882.700000	1716.720000
1470.560000	905.060000	1668.060000
1433.600000	891.000000	1671.660000
1395.860000	880.300000	1714.400000
1356.440000	852.780000	1749.580000
1317.600000	822.460000	1782.780000
1287.320000	779.380000	1808.300000
1282.620000	730.900000	1839.920000
1306.040000	679.820000	1852.660000
1343.540000	633.460000	1853.620000
1385.600000	591.340000	1853.120000
1432.340000	555.460000	1846.480000
1480.220000	528.140000	1835.000000
1508.540000	561.640000	1863.060000
1479.040000	599.160000	1886.420000
1441.560000	636.260000	1881.440000
1439.220000	581.540000	1886.400000
1450.340000	526.280000	1892.500000
1457.760000	469.360000	1901.760000
1462.260000	426.880000	1941.520000
1470.480000	388.020000	1984.240000
1484.680000	354.380000	2030.200000
1497.420000	330.340000	2082.000000
1501.200000	329.100000	2140.000000
1504.160000	337.780000	2197.800000
1502.640000	364.460000	2249.800000
1492.540000	400.800000	2293.600000
1476.920000	441.780000	2332.000000
1448.540000	485.560000	2355.400000
1408.440000	528.040000	2356.600000
1356.640000	547.580000	2343.200000
1309.360000	567.440000	2326.800000
1334.560000	595.540000	2370.800000
1290.480000	576.240000	2395.200000
1234.200000	592.060000	2379.800000
1203.360000	621.720000	2339.400000
1186.960000	674.280000	2310.600000
1168.300000	732.140000	2294.400000
1140.920000	786.780000	2286.200000
1101.340000	832.640000	2295.200000
1051.920000	857.140000	2321.400000
1048.500000	894.100000	2346.000000
1091.020000	938.440000	2356.400000
1130.200000	985.320000	2371.400000
1171.260000	1020.180000	2400.800000
1230.240000	1030.460000	2414.800000
1270.520000	1026.480000	2379.200000
1238.220000	1039.940000	2332.800000
1266.660000	1082.780000	2349.600000
1302.480000	1119.580000	2370.400000
1318.280000	1173.860000	2370.800000
1351.100000	1218.640000	2362.400000
1374.200000	1258.160000	2328.400000
1388.040000	1297.980000	2291.400000
1393.720000	1327.820000	2244.600000
1393.860000	1344.820000	2190.200000
1390.760000	1351.200000	2134.400000
1379.860000	1327.100000	2084.600000
1364.080000	1295.320000	2043.800000
1349.380000	1260.780000	2003.400000
1339.840000	1223.580000	1963.340000
1365.700000	1183.880000	1935.700000
1412.620000	1153.000000	1934.480000
1436.980000	1105.540000	1917.100000
1470.420000	1127.460000	1923.980000
1492.940000	1175.420000	1920.300000
1520.760000	1213.660000	1893.140000
1504.060000	1226.520000	1858.020000
1454.660000	1217.200000	1881.280000
1400.780000	1206.820000	1890.400000
1348.120000	1191.000000	1890.940000
1302.620000	1162.020000	1883.020000
1276.760000	1118.180000	1863.440000
1264.280000	1070.480000	1837.780000
1268.880000	1025.880000	1806.140000
1289.800000	989.100000	1770.140000
1322.620000	954.760000	1741.200000
1364.620000	922.400000	1727.720000
1411.980000	895.180000	1731.600000
1446.420000	860.440000	1753.960000
1310.380000	727.800000	1818.440000
1337.480000	720.260000	1795.980000
1369.620000	715.360000	1780.560000
1405.120000	715.060000	1774.820000
1440.600000	719.340000	1779.660000
1475.160000	723.740000	1789.260000
1505.120000	730.420000	1808.040000
1526.040000	741.800000	1834.740000
1482.980000	357.760000	2139.600000
1469.540000	388.660000	2138.200000
1462.220000	421.640000	2135.800000
1458.580000	455.340000	2133.200000
1456.940000	489.240000	2131.000000
1456.200000	523.260000	2129.200000
1454.520000	557.180000	2127.800000
1456.340000	591.060000	2127.600000
1094.340000	808.660000	2328.200000
1100.520000	801.480000	2368.400000
1123.120000	802.220000	2403.200000
1160.300000	803.200000	2421.400000
1201.700000	800.880000	2424.000000
1239.740000	803.540000	2409.000000
1261.640000	806.340000	2374.400000
1266.860000	805.280000	2333.200000
1384.220000	1312.560000	2187.200000
1389.340000	1278.560000	2185.200000
1397.380000	1245.200000	2182.600000
1401.960000	1211.280000	2179.400000
1403.380000	1177.320000	2175.000000
1402.040000	1143.620000	2169.400000
1403.400000	1113.320000	2163.800000
1403.800000	1080.280000	2158.200000
1328.740000	1152.360000	1866.380000
1351.820000	1131.560000	1854.700000
1375.720000	1110.280000	1845.740000
1400.320000	1088.420000	1842.040000
1424.700000	1066.260000	1841.460000
1448.940000	1044.440000	1847.200000
1472.680000	1022.800000	1855.880000
1496.400000	1002.860000	1867.880000
1486.480000	850.780000	1769.420000
1519.260000	823.020000	1782.740000
1520.660000	783.660000	1811.220000
1476.660000	1476.660000	1476.660000
1533.580000	697.160000	1853.160000
1525.260000	659.600000	1879.260000
1479.300000	656.340000	1887.240000
1476.660000	1476.660000	1476.660000
1450.980000	624.020000	1938.820000
1469.260000	612.380000	1999.860000
1469.740000	601.360000	2064.200000
1476.660000	1476.660000	1476.660000
1439.340000	583.280000	2190.200000
1409.640000	579.540000	2248.400000
1361.760000	574.920000	2291.600000
1476.660000	1476.660000	1476.660000
1308.680000	626.520000	2328.400000
1298.880000	686.460000	2331.200000
1276.580000	744.140000	2333.000000
1476.660000	1476.660000	1476.660000
1274.140000	866.080000	2336.400000
1278.460000	927.460000	2340.600000
1266.760000	987.600000	2339.800000
1476.660000	1476.660000	1476.660000
1290.280000	1052.420000	2305.200000
1335.880000	1062.160000	2262.600000
1374.760000	1071.760000	2213.600000
1476.660000	1476.660000	1476.660000
1421.420000	1086.720000	2097.800000
1415.360000	1087.360000	2036.000000
1425.680000	1092.760000	1973.940000
1476.660000	1476.660000	1476.660000
1482.000000	1095.260000	1916.940000
1522.880000	1085.360000	1909.640000
1518.000000	1042.300000	1887.620000
1476.660000	1476.660000	1476.660000
1481.980000	962.000000	1845.080000
1472.020000	923.420000	1816.100000
1455.020000	884.120000	1791.500000
1476.660000	1476.660000	1476.660000
1533.240000	766.700000	1919.380000
1463.140000	793.240000	1962.400000
1383.980000	802.160000	1922.800000
1321.160000	795.260000	1858.360000
1272.760000	796.980000	1782.240000
1230.520000	798.880000	1702.140000
1195.160000	800.400000	1618.740000
1166.340000	801.360000	1532.940000
1139.660000	804.760000	1446.400000
1115.340000	810.200000	1359.480000
1093.280000	818.040000	1272.120000
1078.200000	823.120000	1182.920000
1064.260000	829.480000	1093.640000
1053.440000	834.480000	1003.820000
1044.580000	840.800000	913.860000
1037.700000	848.540000	823.860000
1033.460000	855.980000	733.640000
1032.320000	861.560000	643.200000
1034.600000	864.720000	552.700000
1040.900000	865.140000	462.380000
1049.600000	865.560000	372.200000
1063.920000	865.400000	282.880000
1085.400000	858.760000	195.362000
1127.900000	847.480000	116.788000
1103.780000	846.700000	36.526000
1033.860000	850.200000	76.056000
1441.600000	676.780000	2123.400000
1388.000000	736.080000	2091.200000
1320.160000	742.280000	2038.200000
1259.020000	727.800000	1976.000000
1201.900000	718.540000	1909.160000
1149.440000	717.060000	1838.320000
1105.620000	716.220000	1761.720000
1068.140000	717.380000	1681.640000
1036.560000	720.180000	1599.160000
1010.340000	720.140000	1514.680000
989.420000	727.740000	1429.180000
972.460000	742.120000	1343.580000
959.200000	754.160000	1256.940000
949.920000	764.640000	1169.620000
944.240000	775.580000	1082.040000
941.660000	785.500000	994.280000
940.160000	792.340000	906.180000
940.160000	798.060000	817.960000
941.100000	804.520000	729.740000
944.100000	809.480000	641.480000
949.220000	813.280000	553.260000
959.180000	811.360000	465.480000
972.000000	808.780000	378.120000
993.560000	792.340000	294.080000
1008.320000	770.140000	211.360000
970.560000	798.960000	151.194000
1272.380000	811.540000	2247.200000
1270.460000	818.980000	2161.800000
1233.020000	822.080000	2085.400000
1175.580000	822.880000	2020.800000
1122.860000	822.920000	1952.360000
1073.860000	822.920000	1881.160000
1031.740000	823.720000	1805.720000
991.640000	823.740000	1729.180000
955.800000	823.420000	1650.540000
926.680000	823.820000	1569.300000
902.280000	824.500000	1486.640000
888.700000	827.460000	1401.320000
880.020000	830.460000	1315.380000
870.500000	832.240000	1229.480000
864.180000	834.500000	1143.300000
859.300000	836.880000	1057.060000
854.140000	839.140000	970.820000
852.220000	841.900000	884.440000
854.480000	845.240000	798.100000
858.180000	848.760000	711.880000
863.640000	852.500000	625.680000
873.440000	856.820000	539.900000
884.240000	861.280000	454.240000
891.900000	863.840000	368.180000
881.620000	863.060000	282.460000
886.100000	867.060000	197.502000
1405.000000	994.660000	2140.400000
1369.980000	926.080000	2100.600000
1310.060000	904.960000	2043.200000
1246.400000	920.420000	1985.080000
1183.680000	923.740000	1923.280000
1126.820000	923.880000	1856.400000
1079.500000	926.060000	1782.220000
1040.960000	928.580000	1703.000000
1010.080000	931.480000	1620.660000
985.560000	932.580000	1536.740000
966.000000	929.860000	1450.840000
950.740000	925.900000	1364.180000
939.320000	924.940000	1276.800000
933.680000	921.880000	1188.860000
928.920000	919.220000	1100.900000
925.580000	913.920000	1012.980000
923.220000	912.140000	924.900000
921.900000	913.660000	836.820000
921.960000	916.560000	748.740000
923.680000	919.880000	660.760000
927.000000	925.180000	572.880000
932.060000	934.160000	485.340000
936.780000	945.620000	398.140000
940.100000	967.860000	312.980000
934.700000	986.460000	227.560000
931.320000	952.280000	152.864000
1523.160000	955.980000	1935.000000
1461.160000	909.200000	1966.280000
1380.420000	901.360000	1930.100000
1313.860000	899.900000	1870.120000
1258.580000	895.980000	1798.980000
1211.880000	892.840000	1721.820000
1173.320000	891.840000	1640.220000
1141.800000	893.260000	1555.620000
1115.860000	895.740000	1469.220000
1094.620000	899.640000	1381.580000
1076.680000	902.340000	1293.140000
1061.780000	904.220000	1204.140000
1050.240000	907.920000	1114.660000
1041.520000	913.540000	1024.980000
1033.580000	913.820000	935.180000
1027.380000	916.020000	845.160000
1022.980000	918.060000	755.040000
1020.620000	923.460000	665.020000
1020.640000	928.220000	574.940000
1023.220000	932.120000	484.820000
1029.200000	939.980000	395.140000
1038.560000	948.060000	306.480000
1049.620000	964.880000	218.660000
1074.080000	1008.500000	144.148000
1057.240000	1016.400000	64.712000
1004.200000	965.060000	93.588000
1510.060000	854.620000	1815.380000
1516.160000	847.560000	1903.020000
1446.960000	847.480000	1943.260000
1380.400000	845.600000	1881.240000
1327.780000	847.400000	1803.980000
1277.540000	847.200000	1725.220000
1237.060000	849.560000	1640.980000
1203.320000	853.400000	1553.780000
1175.120000	858.140000	1464.660000
1151.160000	863.220000	1374.340000
1133.080000	868.840000	1283.040000
1113.880000	873.600000	1191.860000
1095.760000	878.180000	1100.220000
1080.820000	882.780000	1008.000000
1068.420000	887.220000	915.320000
1061.460000	891.860000	823.040000
1057.860000	896.480000	729.660000
1057.860000	901.020000	636.140000
1061.420000	905.520000	542.680000
1067.780000	911.500000	449.480000
1075.180000	917.460000	356.320000
1079.600000	922.040000	263.060000
1086.200000	927.040000	170.240000
1117.760000	939.680000	83.316000
1080.020000	930.860000	12.189000
1015.400000	914.000000	71.910000
1493.240000	660.220000	1942.780000
1511.900000	718.160000	2000.200000
1436.620000	761.760000	1997.760000
1355.160000	759.140000	1954.640000
1288.620000	749.620000	1890.900000
1232.920000	747.680000	1816.780000
1186.380000	748.920000	1736.340000
1145.740000	753.820000	1652.740000
1111.460000	759.200000	1566.500000
1084.080000	762.480000	1477.700000
1060.060000	771.180000	1388.400000
1040.180000	781.840000	1298.180000
1023.360000	791.600000	1207.200000
1009.720000	800.400000	1115.540000
999.240000	808.160000	1023.360000
991.920000	814.580000	930.980000
987.740000	819.960000	838.240000
986.120000	827.320000	745.480000
987.920000	831.260000	652.480000
992.060000	833.960000	559.500000
998.520000	834.160000	466.600000
1011.900000	833.560000	374.580000
1032.820000	823.480000	284.640000
1072.340000	797.260000	205.300000
1086.300000	774.280000	127.476000
1007.120000	818.660000	117.984000
1333.580000	645.940000	2289.600000
1323.780000	706.420000	2223.600000
1306.200000	757.400000	2149.800000
1253.600000	767.180000	2077.200000
1191.980000	758.900000	2010.000000
1134.080000	751.160000	1938.980000
1083.400000	746.520000	1862.500000
1038.720000	743.860000	1782.140000
998.760000	742.060000	1699.320000
964.080000	741.420000	1614.200000
933.920000	741.200000	1527.400000
916.480000	748.440000	1437.420000
902.960000	756.620000	1346.820000
894.620000	763.560000	1255.520000
889.680000	769.720000	1163.980000
885.340000	775.660000	1072.300000
880.380000	779.020000	980.580000
878.300000	784.580000	888.800000
878.380000	790.760000	797.020000
881.360000	797.440000	705.380000
885.780000	801.240000	613.660000
894.900000	807.760000	522.480000
910.980000	817.160000	432.620000
925.920000	824.540000	343.900000
917.340000	793.820000	258.660000
921.280000	823.400000	177.096000
1300.740000	986.800000	2297.200000
1313.620000	935.820000	2223.800000
1307.620000	888.180000	2146.800000
1251.840000	874.860000	2075.200000
1183.880000	881.860000	2013.200000
1124.800000	884.180000	1942.440000
1068.820000	888.060000	1868.980000
1021.380000	890.220000	1789.800000
979.900000	892.540000	1707.220000
943.680000	895.560000	1622.320000
916.480000	897.420000	1534.100000
900.840000	896.260000	1443.500000
890.180000	895.180000	1351.740000
878.840000	898.380000	1260.160000
874.220000	898.100000	1167.940000
869.700000	898.440000	1075.660000
867.540000	897.420000	983.340000
863.700000	899.540000	891.040000
860.940000	902.700000	798.700000
861.420000	905.240000	706.340000
864.260000	910.140000	614.120000
873.780000	914.540000	522.480000
892.840000	909.100000	432.500000
906.840000	909.760000	346.100000
888.420000	943.000000	263.060000
901.520000	917.600000	177.160000
1480.120000	1054.540000	1971.500000
1480.440000	981.800000	2020.000000
1414.060000	929.920000	2000.800000
1334.960000	918.640000	1957.800000
1265.760000	918.120000	1898.680000
1207.920000	918.200000	1828.660000
1159.560000	915.840000	1751.680000
1120.460000	915.040000	1669.560000
1089.360000	915.720000	1584.080000
1063.180000	913.020000	1496.880000
1043.480000	913.860000	1407.880000
1028.280000	915.580000	1318.020000
1015.540000	916.620000	1227.760000
1004.920000	919.840000	1137.320000
996.140000	922.080000	1046.660000
989.560000	921.960000	955.820000
985.180000	923.800000	864.800000
982.860000	925.880000	773.720000
982.560000	929.800000	682.840000
984.160000	933.600000	591.840000
987.980000	940.540000	501.060000
994.420000	949.280000	410.580000
996.680000	966.300000	321.100000
1002.540000	996.080000	235.620000
1003.740000	1043.920000	162.134000
971.040000	980.900000	122.016000
