512.420000	532.350000	1371.600000
535.480000	514.330000	1376.500000
560.750000	514.220000	1391.500000
567.170000	539.660000	1404.000000
564.540000	566.100000	1418.800000
549.820000	590.290000	1427.800000
555.760000	590.930000	1402.100000
549.210000	614.100000	1387.600000
545.210000	623.130000	1364.300000
548.820000	640.730000	1338.400000
543.610000	649.180000	1309.200000
532.310000	642.580000	1280.900000
516.040000	629.920000	1257.100000
498.110000	622.860000	1231.900000
474.900000	617.910000	1210.900000
452.660000	605.010000	1194.500000
461.520000	626.160000	1197.900000
476.110000	644.050000	1196.900000
486.280000	661.170000	1185.800000
492.400000	676.300000	1169.500000
498.830000	690.330000	1152.200000
512.700000	701.980000	1138.400000
530.180000	711.420000	1126.800000
549.980000	721.420000	1126.300000
572.920000	722.340000	1126.000000
595.010000	715.490000	1127.300000
613.720000	701.600000	1127.600000
631.080000	688.080000	1122.000000
643.700000	683.010000	1104.200000
642.540000	672.170000	1084.700000
634.740000	675.970000	1064.100000
628.150000	680.400000	1050.100000
622.320000	660.310000	1068.900000
618.490000	657.180000	1098.000000
627.730000	662.920000	1123.500000
655.530000	667.510000	1129.400000
680.500000	663.460000	1143.300000
706.370000	649.840000	1142.900000
732.470000	635.590000	1142.600000
747.150000	613.880000	1133.700000
732.600000	592.180000	1147.000000
714.530000	569.290000	1148.800000
702.120000	545.560000	1141.900000
685.870000	531.520000	1122.800000
661.400000	517.990000	1117.700000
652.220000	521.910000	1095.700000
660.450000	526.050000	1067.800000
676.600000	518.630000	1045.900000
680.040000	526.120000	1063.700000
682.170000	532.550000	1084.300000
683.210000	521.230000	1102.500000
676.990000	503.070000	1114.400000
672.680000	481.880000	1120.200000
666.940000	460.100000	1120.800000
656.320000	440.460000	1118.700000
640.500000	425.860000	1114.100000
619.160000	419.650000	1112.200000
596.930000	417.750000	1114.500000
575.260000	416.320000	1120.500000
554.620000	417.130000	1128.700000
536.080000	424.190000	1138.800000
528.200000	435.290000	1156.100000
514.330000	447.900000	1168.300000
496.600000	460.490000	1173.400000
520.050000	463.310000	1189.300000
540.910000	469.780000	1207.800000
561.370000	467.980000	1228.000000
579.730000	463.210000	1249.800000
589.810000	458.290000	1276.000000
594.480000	455.470000	1304.100000
591.380000	455.520000	1329.800000
584.070000	455.280000	1357.700000
579.370000	456.040000	1385.200000
566.680000	462.480000	1410.000000
552.580000	483.910000	1418.900000
556.480000	512.390000	1417.400000
552.740000	540.420000	1411.900000
529.780000	545.420000	1400.700000
504.190000	540.440000	1389.300000
490.640000	529.920000	1366.700000
536.540000	615.900000	1386.800000
527.870000	614.060000	1375.300000
520.270000	611.330000	1363.300000
515.320000	607.180000	1350.200000
510.850000	603.560000	1337.000000
506.090000	600.840000	1323.500000
501.930000	598.640000	1309.800000
496.880000	595.810000	1296.600000
542.740000	719.350000	1118.400000
535.960000	711.810000	1114.100000
531.050000	702.630000	1111.100000
526.950000	693.560000	1108.400000
523.780000	683.330000	1106.400000
522.270000	672.520000	1105.500000
520.130000	662.790000	1102.500000
520.630000	652.270000	1099.800000
738.740000	612.750000	1120.700000
724.940000	611.080000	1113.000000
711.590000	609.260000	1104.500000
698.020000	607.440000	1096.400000
686.040000	605.630000	1086.000000
673.910000	603.950000	1075.700000
662.920000	602.530000	1064.200000
657.040000	602.370000	1049.700000
633.740000	426.240000	1104.300000
623.420000	429.040000	1099.000000
612.960000	434.230000	1096.000000
602.590000	440.200000	1093.900000
592.810000	447.270000	1093.200000
583.810000	455.120000	1091.400000
575.640000	463.400000	1088.300000
569.400000	473.030000	1084.600000
574.920000	456.740000	1349.400000
567.650000	461.050000	1339.400000
560.080000	465.160000	1329.600000
552.630000	469.860000	1320.000000
545.420000	475.210000	1310.500000
537.580000	480.120000	1301.300000
529.210000	484.870000	1292.500000
520.900000	490.910000	1284.500000
504.870000	552.390000	1361.000000
509.340000	573.470000	1346.500000
503.130000	589.770000	1323.900000
512.420000	512.420000	512.420000
487.730000	595.350000	1269.300000
478.090000	594.180000	1243.600000
465.100000	595.510000	1218.400000
512.420000	512.420000	512.420000
464.430000	616.880000	1168.100000
485.210000	628.640000	1146.100000
501.440000	640.050000	1123.000000
512.420000	512.420000	512.420000
546.470000	661.080000	1082.200000
576.810000	662.890000	1071.300000
602.400000	667.150000	1061.100000
512.420000	512.420000	512.420000
634.620000	661.210000	1051.000000
636.480000	640.510000	1056.900000
647.040000	620.940000	1054.000000
512.420000	512.420000	512.420000
660.240000	581.370000	1052.000000
663.290000	559.050000	1052.100000
668.070000	537.480000	1048.200000
512.420000	512.420000	512.420000
651.220000	506.560000	1051.200000
623.530000	497.590000	1061.300000
595.630000	482.880000	1068.300000
512.420000	512.420000	512.420000
547.360000	463.760000	1100.300000
525.720000	457.850000	1123.800000
505.830000	453.050000	1148.900000
512.420000	512.420000	512.420000
500.430000	476.410000	1197.000000
507.780000	485.590000	1225.200000
514.310000	489.920000	1254.700000
512.420000	512.420000	512.420000
523.520000	492.830000	1315.000000
520.560000	500.600000	1344.400000
503.190000	509.160000	1360.900000
512.420000	512.420000	512.420000
478.490000	583.620000	1246.900000
465.940000	575.440000	1194.500000
470.120000	573.540000	1144.500000
462.030000	573.690000	1089.400000
449.830000	571.540000	1039.200000
433.630000	573.280000	990.610000
425.890000	569.940000	937.660000
416.010000	569.240000	882.670000
408.180000	568.950000	832.740000
395.420000	575.410000	792.150000
400.970000	570.700000	741.710000
399.290000	572.250000	686.040000
397.030000	576.490000	630.830000
398.530000	579.580000	577.290000
400.810000	584.650000	521.690000
406.830000	588.720000	466.490000
416.320000	591.900000	413.040000
428.890000	595.310000	358.700000
442.940000	599.070000	306.220000
457.610000	603.200000	252.380000
468.780000	609.480000	197.960000
477.510000	617.840000	143.720000
472.160000	631.500000	91.450000
425.190000	649.680000	80.412000
426.130000	655.860000	31.516000
473.780000	636.170000	28.696000
519.740000	636.250000	1067.400000
518.950000	623.560000	1029.200000
511.410000	621.230000	985.300000
504.590000	623.050000	948.220000
499.280000	621.930000	910.300000
494.210000	617.950000	867.460000
488.070000	617.740000	823.860000
483.580000	616.120000	779.580000
480.200000	614.860000	735.060000
477.780000	614.950000	690.660000
477.000000	613.140000	646.010000
477.330000	611.780000	601.560000
478.840000	610.640000	556.930000
481.330000	610.930000	512.440000
485.000000	611.560000	467.910000
489.900000	611.740000	423.730000
496.420000	610.960000	379.510000
502.990000	611.650000	335.330000
509.370000	612.850000	291.480000
516.010000	618.450000	247.770000
522.340000	626.270000	204.820000
528.230000	634.830000	161.500000
529.110000	657.090000	125.190000
524.720000	686.560000	106.490000
521.600000	691.680000	66.126000
518.760000	653.690000	48.125000
642.390000	597.710000	1017.900000
623.220000	592.090000	986.570000
614.610000	589.670000	947.390000
607.770000	588.020000	906.900000
604.090000	587.720000	866.080000
598.880000	587.330000	825.360000
592.880000	586.500000	784.710000
588.260000	585.830000	743.870000
583.250000	584.640000	703.210000
578.860000	585.470000	662.560000
575.070000	586.620000	621.830000
571.320000	587.790000	580.950000
575.170000	592.180000	541.960000
569.510000	592.280000	504.220000
568.190000	594.500000	463.350000
566.240000	596.600000	422.380000
565.900000	599.360000	381.440000
566.050000	602.410000	340.440000
568.040000	606.240000	299.590000
570.050000	610.220000	258.780000
571.790000	614.400000	217.990000
577.220000	620.250000	177.940000
595.350000	630.210000	142.690000
608.860000	638.860000	105.580000
593.700000	636.530000	69.008000
559.980000	626.240000	49.751000
561.320000	496.680000	1051.100000
552.980000	501.170000	1014.700000
544.930000	502.520000	971.720000
538.370000	505.180000	928.590000
533.030000	506.110000	885.090000
529.480000	504.930000	845.050000
522.640000	512.770000	807.610000
518.090000	515.140000	764.000000
514.410000	518.280000	720.300000
511.730000	521.840000	676.490000
510.500000	523.450000	633.390000
509.420000	529.190000	591.390000
509.730000	531.870000	552.430000
510.600000	536.980000	508.720000
512.410000	541.830000	465.020000
515.360000	545.970000	421.390000
519.700000	551.150000	378.150000
524.630000	557.700000	334.950000
530.450000	563.590000	291.760000
536.800000	569.460000	248.630000
543.570000	575.150000	205.590000
549.930000	582.570000	162.720000
561.780000	572.510000	124.180000
573.270000	544.870000	93.462000
564.790000	546.730000	51.876000
540.990000	579.100000	39.947000
500.020000	499.450000	1236.500000
482.130000	504.330000	1189.200000
484.040000	509.910000	1140.900000
473.050000	509.370000	1088.300000
461.680000	508.990000	1035.400000
451.240000	509.330000	983.540000
441.270000	508.110000	930.770000
432.620000	508.830000	877.890000
425.280000	510.640000	824.120000
419.540000	510.540000	770.090000
416.960000	512.050000	720.760000
414.780000	512.450000	666.650000
416.750000	517.630000	612.960000
417.710000	517.850000	558.720000
423.290000	524.340000	506.010000
429.900000	529.460000	452.310000
438.470000	535.300000	399.170000
449.130000	542.090000	346.320000
461.220000	549.090000	294.970000
473.420000	558.810000	243.020000
483.820000	566.570000	190.460000
493.220000	573.480000	137.510000
493.010000	565.930000	84.907000
464.070000	527.180000	67.699000
464.880000	534.600000	20.690000
493.800000	576.110000	24.022000
495.280000	535.790000	1312.700000
491.150000	538.770000	1258.900000
484.390000	540.460000	1203.600000
472.630000	540.320000	1149.100000
453.340000	538.080000	1096.200000
434.350000	535.520000	1043.800000
417.770000	533.060000	989.970000
403.270000	531.370000	936.300000
393.730000	530.990000	881.270000
385.120000	531.160000	826.060000
381.120000	532.600000	769.890000
380.750000	535.240000	713.550000
381.890000	538.450000	657.690000
384.280000	541.980000	601.550000
388.090000	545.300000	545.400000
394.210000	549.480000	490.240000
404.150000	555.280000	435.320000
415.170000	561.350000	380.340000
428.060000	567.820000	325.860000
443.810000	574.860000	272.120000
457.760000	582.180000	217.920000
470.220000	589.880000	163.500000
475.870000	596.260000	107.890000
447.820000	593.280000	65.561000
431.480000	592.270000	26.086000
479.950000	606.260000	25.081000
472.920000	606.350000	1155.500000
482.090000	607.520000	1109.400000
479.750000	606.050000	1069.500000
467.810000	605.170000	1026.700000
455.520000	604.820000	979.640000
445.850000	603.340000	932.020000
435.630000	604.010000	884.190000
430.210000	602.100000	835.950000
424.780000	602.180000	787.330000
421.460000	602.370000	738.450000
418.710000	604.980000	695.320000
418.340000	606.490000	647.630000
420.310000	606.530000	598.980000
422.910000	607.890000	550.200000
426.730000	609.230000	501.430000
432.380000	612.110000	452.940000
440.650000	614.070000	404.700000
448.960000	617.300000	356.530000
459.140000	619.300000	308.660000
470.390000	620.790000	261.220000
480.070000	625.830000	213.670000
491.900000	628.680000	166.310000
498.610000	641.220000	119.850000
485.240000	674.710000	89.978000
474.790000	689.980000	54.910000
493.650000	649.960000	39.101000
614.300000	643.920000	1049.700000
597.930000	626.920000	1022.000000
589.180000	627.180000	980.850000
584.450000	628.730000	951.820000
577.720000	631.380000	910.220000
572.550000	633.920000	868.500000
566.490000	633.500000	826.860000
561.990000	633.670000	785.040000
557.170000	632.220000	743.070000
553.470000	630.930000	700.990000
549.720000	627.870000	660.820000
547.310000	625.430000	618.620000
547.420000	624.330000	576.290000
547.290000	621.760000	534.160000
547.530000	620.180000	491.850000
548.130000	619.750000	449.480000
548.950000	619.620000	407.120000
549.880000	618.890000	364.800000
551.290000	619.950000	322.480000
553.180000	622.620000	280.270000
556.040000	628.420000	238.390000
559.020000	633.560000	196.440000
565.170000	636.250000	154.620000
570.660000	654.620000	118.260000
565.210000	665.170000	80.355000
539.980000	644.970000	54.021000
643.550000	531.330000	1040.400000
638.030000	530.040000	1018.900000
617.270000	532.430000	987.530000
610.900000	528.750000	945.600000
605.020000	527.350000	903.340000
599.710000	526.190000	860.980000
593.550000	526.630000	819.140000
587.710000	527.490000	777.010000
580.030000	530.730000	735.230000
574.180000	533.510000	693.130000
569.650000	535.690000	650.800000
566.060000	538.030000	608.320000
562.860000	542.550000	566.000000
560.230000	547.180000	523.670000
558.980000	550.950000	481.250000
558.610000	554.850000	438.800000
557.720000	560.640000	396.490000
559.240000	564.780000	354.440000
559.970000	571.290000	312.620000
561.660000	578.300000	270.530000
564.790000	585.420000	228.540000
567.320000	594.860000	187.070000
572.400000	604.210000	145.810000
591.790000	595.330000	110.250000
587.660000	588.250000	71.879000
555.170000	600.340000	49.092000
506.380000	477.370000	1132.200000
513.880000	490.790000	1088.500000
511.460000	496.100000	1043.700000
499.930000	495.220000	998.270000
489.960000	492.470000	952.490000
481.560000	492.100000	908.550000
473.290000	492.640000	861.650000
466.230000	493.240000	814.530000
461.220000	492.320000	771.090000
456.380000	496.250000	724.720000
454.150000	498.240000	677.100000
453.340000	502.280000	629.570000
454.910000	504.960000	582.380000
458.360000	508.380000	535.010000
462.900000	513.890000	487.920000
468.460000	520.900000	441.060000
475.550000	528.260000	394.550000
485.270000	534.560000	348.230000
495.140000	542.630000	302.200000
503.980000	550.650000	255.950000
510.810000	560.910000	209.900000
518.340000	569.050000	163.560000
528.210000	568.260000	117.140000
531.220000	539.210000	82.175000
525.950000	529.400000	43.364000
517.010000	573.270000	33.410000
