438.520000	595.920000	1290.400000
437.460000	595.960000	1311.800000
443.130000	599.340000	1332.000000
451.710000	608.450000	1349.300000
463.210000	622.690000	1360.300000
476.810000	638.170000	1365.300000
494.840000	647.680000	1361.800000
513.690000	657.170000	1358.200000
531.520000	661.140000	1348.300000
548.100000	659.450000	1335.300000
562.170000	652.430000	1321.000000
571.270000	640.300000	1306.000000
575.880000	627.360000	1289.600000
574.190000	622.740000	1269.500000
566.390000	624.650000	1249.600000
563.720000	624.840000	1228.800000
583.630000	624.500000	1237.300000
598.320000	623.190000	1252.900000
609.770000	619.070000	1270.700000
627.960000	615.040000	1280.500000
647.580000	607.440000	1284.400000
666.450000	596.950000	1284.200000
683.910000	584.150000	1281.500000
695.280000	566.350000	1276.700000
698.180000	546.320000	1269.500000
695.330000	527.020000	1259.700000
689.000000	508.650000	1250.000000
680.270000	497.280000	1234.100000
667.710000	495.380000	1217.700000
663.150000	494.230000	1196.500000
649.300000	498.410000	1180.500000
632.180000	494.620000	1168.100000
641.840000	497.410000	1189.400000
656.140000	495.090000	1209.100000
664.550000	486.250000	1228.900000
677.460000	468.180000	1238.700000
683.310000	449.870000	1252.200000
672.170000	432.180000	1265.300000
660.820000	413.100000	1276.900000
647.320000	393.350000	1280.600000
628.380000	378.450000	1281.800000
605.150000	373.760000	1275.900000
584.850000	362.070000	1266.900000
562.950000	364.680000	1258.500000
542.500000	374.980000	1250.100000
535.050000	377.320000	1228.900000
530.450000	386.690000	1206.300000
532.800000	393.270000	1184.600000
528.140000	379.710000	1198.800000
526.680000	369.390000	1216.200000
524.290000	359.330000	1233.700000
513.680000	348.370000	1247.700000
501.320000	343.150000	1262.400000
484.240000	339.280000	1272.600000
465.810000	339.320000	1282.200000
448.200000	348.060000	1289.900000
433.930000	362.410000	1294.900000
425.500000	381.830000	1295.400000
419.780000	402.190000	1295.400000
417.580000	423.070000	1293.900000
418.100000	443.220000	1287.900000
414.960000	460.210000	1276.300000
412.840000	470.220000	1258.200000
411.150000	483.900000	1243.900000
418.370000	477.520000	1262.600000
420.780000	473.230000	1281.500000
411.170000	473.150000	1299.800000
399.630000	483.060000	1314.600000
391.800000	497.580000	1327.700000
390.160000	515.940000	1338.300000
391.520000	533.090000	1350.900000
399.960000	550.630000	1355.400000
414.240000	565.670000	1360.100000
430.550000	577.570000	1363.800000
449.220000	586.820000	1360.200000
462.230000	590.280000	1344.500000
467.730000	596.190000	1326.300000
465.600000	600.730000	1305.700000
457.990000	596.490000	1286.700000
445.290000	600.670000	1270.600000
513.040000	650.170000	1347.300000
512.250000	644.450000	1335.600000
511.570000	638.840000	1323.800000
511.180000	632.870000	1312.300000
510.560000	627.800000	1300.400000
509.920000	622.740000	1288.500000
508.810000	619.850000	1276.000000
508.690000	617.910000	1263.100000
683.090000	566.170000	1268.100000
670.200000	565.890000	1260.500000
657.380000	564.960000	1252.900000
645.280000	564.150000	1244.100000
633.670000	563.100000	1234.700000
623.140000	562.360000	1224.100000
612.930000	561.090000	1213.300000
603.520000	559.510000	1201.700000
636.110000	402.590000	1273.000000
625.990000	410.520000	1262.900000
616.770000	416.950000	1251.000000
607.660000	424.170000	1239.500000
599.090000	431.330000	1227.500000
591.980000	436.700000	1213.800000
585.460000	441.930000	1199.800000
580.220000	447.020000	1185.100000
450.160000	360.810000	1283.400000
451.580000	372.730000	1275.400000
452.820000	384.100000	1266.500000
454.840000	395.150000	1257.700000
458.030000	405.920000	1248.900000
460.330000	415.180000	1238.100000
462.950000	422.960000	1226.200000
466.000000	429.560000	1213.800000
406.700000	548.410000	1346.500000
412.150000	545.340000	1336.900000
416.910000	543.020000	1326.800000
421.540000	540.900000	1316.600000
425.090000	539.890000	1305.800000
427.760000	539.750000	1294.700000
429.730000	540.320000	1283.500000
430.180000	539.620000	1272.200000
461.020000	605.610000	1271.900000
477.200000	609.750000	1270.600000
492.880000	614.840000	1267.600000
438.520000	438.520000	438.520000
523.680000	619.010000	1257.400000
538.050000	621.430000	1249.100000
550.460000	625.220000	1238.600000
438.520000	438.520000	438.520000
574.820000	609.930000	1221.500000
583.390000	591.930000	1216.800000
593.450000	575.420000	1209.700000
438.520000	438.520000	438.520000
609.940000	541.010000	1195.400000
617.780000	524.070000	1187.100000
629.040000	512.140000	1174.700000
438.520000	438.520000	438.520000
619.690000	483.010000	1174.400000
605.620000	472.960000	1180.300000
592.730000	460.280000	1183.400000
438.520000	438.520000	438.520000
565.940000	435.690000	1187.300000
552.860000	422.910000	1188.100000
542.380000	407.960000	1186.300000
438.520000	438.520000	438.520000
514.410000	398.570000	1189.200000
500.610000	410.500000	1199.700000
483.830000	420.550000	1207.600000
438.520000	438.520000	438.520000
451.500000	442.460000	1222.200000
437.210000	455.890000	1229.900000
420.990000	468.020000	1235.500000
438.520000	438.520000	438.520000
418.340000	496.410000	1251.800000
423.210000	509.550000	1260.400000
426.630000	524.250000	1267.200000
438.520000	438.520000	438.520000
437.320000	554.140000	1275.000000
442.150000	569.920000	1275.100000
441.060000	586.180000	1273.800000
438.520000	438.520000	438.520000
501.930000	610.930000	1215.900000
494.720000	609.900000	1168.000000
487.430000	610.730000	1120.200000
480.370000	611.920000	1072.400000
473.820000	611.200000	1024.500000
468.240000	609.960000	976.380000
463.680000	608.010000	928.270000
459.750000	605.450000	880.090000
456.490000	602.480000	831.870000
454.010000	598.300000	783.700000
452.030000	596.030000	735.380000
451.050000	591.720000	687.240000
450.930000	587.180000	639.120000
451.680000	582.970000	590.980000
453.520000	578.270000	542.830000
456.460000	573.490000	494.750000
460.830000	566.710000	447.020000
466.210000	560.630000	399.320000
472.210000	554.890000	351.650000
478.850000	548.320000	304.150000
486.300000	543.060000	256.620000
495.510000	543.520000	209.360000
497.590000	570.410000	183.680000
489.320000	614.780000	174.630000
487.850000	631.510000	130.860000
492.900000	604.050000	94.348000
587.100000	557.490000	1162.900000
580.820000	561.930000	1121.000000
575.250000	566.550000	1079.000000
568.910000	569.540000	1037.100000
561.870000	570.890000	995.060000
553.370000	570.030000	953.310000
546.380000	568.950000	911.290000
539.520000	567.240000	869.270000
533.720000	565.690000	827.080000
529.030000	564.270000	784.730000
524.380000	562.060000	742.420000
520.620000	559.740000	700.030000
518.520000	557.900000	657.490000
515.990000	554.760000	615.080000
515.010000	551.950000	572.570000
515.150000	549.100000	530.070000
515.040000	544.880000	487.660000
516.520000	540.950000	445.290000
517.780000	535.420000	403.060000
520.740000	529.480000	361.020000
526.380000	523.440000	319.260000
533.060000	516.630000	277.760000
543.990000	511.320000	237.150000
564.380000	513.820000	200.880000
575.820000	533.750000	166.350000
565.950000	550.260000	128.800000
565.760000	454.150000	1146.900000
558.050000	457.580000	1106.200000
552.900000	458.740000	1064.900000
548.390000	459.160000	1023.500000
542.670000	461.560000	982.260000
537.790000	463.490000	940.910000
532.520000	466.670000	899.680000
526.610000	471.410000	858.680000
522.380000	474.020000	817.280000
516.870000	478.250000	776.230000
513.320000	480.170000	734.720000
510.050000	482.130000	693.190000
507.180000	484.020000	651.650000
505.500000	484.780000	610.010000
504.870000	484.690000	568.400000
505.700000	483.320000	526.770000
507.780000	481.040000	485.190000
510.470000	478.630000	443.640000
514.380000	475.380000	402.270000
519.010000	471.730000	361.040000
524.780000	467.150000	320.000000
533.520000	460.280000	279.810000
545.230000	451.520000	240.830000
557.930000	444.110000	201.860000
560.130000	446.710000	160.810000
548.350000	462.630000	126.640000
464.130000	441.760000	1174.000000
459.740000	447.400000	1132.200000
453.190000	448.510000	1089.900000
446.250000	448.000000	1047.600000
440.680000	448.350000	1005.200000
437.430000	450.950000	962.510000
434.460000	453.280000	919.840000
433.250000	456.990000	877.180000
432.880000	460.800000	834.520000
434.270000	465.660000	792.170000
435.450000	469.330000	749.510000
436.890000	472.280000	706.810000
439.300000	475.320000	664.320000
440.720000	475.800000	621.580000
443.450000	476.370000	578.840000
446.660000	475.520000	536.150000
449.960000	472.960000	493.490000
453.850000	470.220000	450.900000
458.760000	467.580000	408.420000
464.490000	464.390000	366.070000
471.900000	461.190000	324.030000
481.070000	456.610000	282.450000
492.260000	452.430000	241.350000
491.930000	442.760000	200.120000
473.280000	434.600000	162.980000
460.780000	445.400000	123.890000
428.230000	539.070000	1223.300000
420.510000	540.150000	1175.300000
412.230000	541.310000	1127.100000
403.430000	542.540000	1079.000000
396.440000	543.380000	1030.600000
392.070000	544.480000	981.840000
389.090000	545.310000	933.010000
388.110000	545.520000	884.040000
389.010000	545.200000	835.070000
390.060000	544.470000	786.090000
393.130000	543.220000	737.210000
395.750000	541.510000	688.370000
399.300000	539.290000	639.600000
406.330000	536.450000	591.320000
409.930000	533.150000	542.640000
415.240000	529.270000	494.210000
422.210000	524.750000	445.950000
429.220000	520.630000	397.650000
436.760000	516.410000	349.430000
445.570000	512.120000	301.450000
455.140000	507.780000	253.630000
461.390000	502.520000	205.800000
434.060000	507.770000	176.430000
391.740000	520.830000	161.240000
380.560000	529.510000	116.190000
413.020000	524.600000	83.076000
451.990000	588.820000	1227.100000
447.200000	587.600000	1179.600000
438.810000	589.970000	1132.600000
430.660000	592.540000	1085.500000
422.910000	594.280000	1038.400000
416.830000	597.720000	991.210000
415.640000	594.910000	943.910000
413.320000	594.190000	896.190000
412.810000	591.170000	848.460000
412.610000	588.230000	800.730000
413.180000	584.720000	753.270000
414.470000	580.760000	705.680000
416.400000	576.580000	658.110000
418.780000	572.460000	610.560000
421.900000	567.990000	563.060000
424.570000	564.520000	515.440000
429.760000	558.670000	468.380000
435.280000	553.090000	421.220000
441.860000	547.670000	374.180000
448.890000	542.670000	327.210000
456.210000	538.220000	280.190000
463.910000	534.530000	233.190000
464.360000	541.890000	186.390000
437.530000	571.300000	166.930000
421.710000	591.770000	129.560000
447.090000	572.160000	98.569000
545.870000	606.240000	1196.300000
539.310000	605.890000	1152.800000
533.530000	607.440000	1109.000000
528.370000	610.120000	1065.100000
522.640000	610.860000	1021.200000
516.600000	610.100000	977.370000
509.950000	606.950000	933.710000
503.840000	604.350000	890.080000
497.350000	599.960000	846.660000
491.870000	596.480000	802.850000
487.470000	593.080000	758.920000
484.780000	590.690000	714.780000
483.110000	588.010000	670.660000
481.660000	583.310000	626.740000
481.690000	579.120000	582.650000
482.590000	574.190000	538.630000
484.780000	569.450000	494.650000
488.100000	564.550000	450.750000
491.750000	557.930000	407.120000
496.800000	551.730000	363.550000
502.360000	544.070000	320.390000
509.520000	538.220000	277.120000
517.830000	533.400000	234.190000
530.780000	538.590000	192.730000
546.420000	560.580000	158.230000
538.530000	577.360000	121.860000
596.630000	501.550000	1157.500000
583.900000	505.180000	1118.400000
577.610000	507.050000	1077.000000
573.660000	508.690000	1035.200000
569.600000	510.260000	993.380000
565.390000	511.730000	951.650000
558.540000	513.480000	910.260000
550.340000	515.240000	869.130000
541.830000	516.790000	828.040000
535.130000	517.810000	786.560000
528.130000	518.540000	745.610000
523.640000	518.650000	703.870000
520.370000	518.280000	662.430000
517.970000	517.440000	620.510000
516.870000	516.240000	578.870000
516.890000	514.850000	536.870000
518.260000	512.620000	495.020000
519.170000	509.900000	453.140000
522.270000	506.290000	411.470000
524.740000	502.270000	369.770000
529.520000	497.330000	328.410000
534.850000	491.710000	287.230000
546.460000	483.030000	247.980000
558.880000	480.280000	208.100000
563.450000	487.790000	167.680000
550.850000	503.580000	131.030000
521.310000	427.970000	1168.300000
513.910000	436.850000	1129.900000
508.550000	437.760000	1088.300000
503.510000	438.340000	1046.900000
498.660000	440.890000	1005.700000
494.190000	442.410000	963.950000
489.750000	446.790000	922.390000
485.690000	450.860000	880.810000
481.860000	455.910000	839.280000
478.500000	460.760000	797.680000
475.660000	465.650000	756.040000
473.930000	468.510000	714.150000
473.180000	471.080000	672.230000
473.580000	473.520000	630.420000
475.460000	475.910000	588.570000
476.650000	475.200000	546.610000
478.750000	473.550000	504.740000
482.180000	469.140000	463.120000
486.420000	464.650000	421.650000
491.560000	460.760000	380.210000
497.730000	457.600000	338.790000
505.100000	454.030000	297.570000
513.710000	448.260000	256.880000
521.210000	440.520000	216.340000
520.960000	436.790000	174.870000
512.090000	452.040000	136.920000
428.160000	488.060000	1205.700000
421.650000	490.330000	1161.800000
414.340000	490.580000	1118.000000
407.320000	490.250000	1074.100000
402.260000	490.460000	1029.900000
398.090000	490.490000	985.680000
396.710000	491.760000	941.230000
397.060000	493.690000	896.910000
398.970000	496.250000	852.550000
401.350000	498.560000	808.190000
404.130000	500.450000	763.890000
407.040000	502.580000	719.550000
409.740000	503.440000	675.150000
413.710000	504.220000	630.840000
417.590000	503.690000	586.510000
421.620000	502.080000	542.230000
425.370000	499.070000	498.020000
430.440000	495.660000	453.970000
435.950000	491.110000	410.060000
442.950000	486.100000	366.400000
452.390000	481.210000	323.280000
463.240000	476.520000	280.430000
473.430000	473.000000	237.320000
474.320000	466.650000	194.160000
453.000000	457.750000	156.500000
439.070000	465.390000	117.680000
