426.190000	493.300000	1077.600000
433.300000	487.930000	1097.500000
438.840000	488.800000	1118.600000
444.020000	496.970000	1138.400000
435.090000	508.970000	1152.300000
419.960000	524.860000	1153.500000
408.420000	543.070000	1150.600000
401.190000	563.740000	1148.800000
396.530000	584.290000	1143.600000
399.390000	602.160000	1131.300000
406.330000	617.970000	1117.900000
415.780000	628.960000	1101.600000
426.850000	635.110000	1083.800000
439.050000	632.790000	1065.900000
445.810000	628.940000	1045.400000
446.160000	624.970000	1024.600000
456.780000	644.010000	1026.100000
470.060000	659.640000	1032.600000
476.170000	676.470000	1044.000000
491.290000	688.830000	1054.000000
506.970000	699.710000	1064.200000
525.050000	707.590000	1069.100000
545.950000	713.530000	1068.900000
566.850000	715.580000	1065.200000
583.980000	705.960000	1065.800000
599.890000	692.230000	1062.800000
612.910000	678.290000	1053.200000
616.650000	664.190000	1038.700000
613.970000	657.150000	1018.200000
605.830000	648.290000	1000.000000
599.810000	633.460000	985.330000
598.960000	612.460000	978.810000
611.900000	620.070000	998.940000
623.040000	626.350000	1020.900000
630.930000	626.960000	1044.700000
645.840000	624.670000	1065.400000
655.610000	612.400000	1086.000000
654.520000	592.420000	1102.700000
657.140000	574.090000	1115.300000
655.340000	551.140000	1121.000000
643.980000	529.550000	1128.300000
647.730000	509.840000	1115.600000
655.420000	492.640000	1097.900000
652.950000	484.710000	1073.200000
647.380000	472.790000	1051.600000
643.320000	474.540000	1026.900000
635.800000	478.570000	1003.700000
625.550000	484.410000	980.750000
626.780000	464.480000	985.070000
635.890000	450.750000	998.310000
645.900000	443.430000	1015.700000
651.010000	436.750000	1035.200000
653.080000	424.470000	1051.700000
648.730000	407.510000	1061.500000
642.320000	388.740000	1066.200000
627.510000	373.760000	1068.000000
609.730000	362.920000	1070.300000
589.760000	363.520000	1071.600000
568.790000	366.470000	1070.200000
548.890000	371.000000	1066.400000
533.410000	381.340000	1056.700000
519.370000	386.330000	1042.300000
506.000000	395.260000	1028.700000
490.900000	405.980000	1018.200000
493.810000	405.310000	1037.800000
505.610000	402.930000	1054.800000
511.040000	402.930000	1073.400000
500.380000	399.170000	1091.200000
483.020000	390.720000	1100.000000
464.910000	389.450000	1109.700000
445.700000	394.950000	1116.700000
430.240000	406.830000	1121.900000
417.700000	423.340000	1125.400000
405.060000	437.440000	1128.500000
403.960000	458.150000	1131.900000
409.870000	474.800000	1130.900000
415.410000	491.920000	1121.700000
412.450000	499.300000	1103.200000
409.590000	501.210000	1082.300000
412.470000	501.300000	1062.300000
408.500000	564.860000	1139.300000
414.650000	566.620000	1129.000000
419.630000	567.930000	1118.000000
424.010000	568.900000	1106.700000
427.200000	569.340000	1095.000000
429.600000	569.220000	1083.100000
430.060000	568.170000	1071.100000
428.730000	566.790000	1059.100000
561.680000	702.830000	1061.800000
554.830000	691.910000	1055.900000
548.710000	680.390000	1050.300000
543.080000	669.030000	1044.200000
537.810000	658.390000	1036.300000
533.040000	647.910000	1028.000000
528.810000	639.210000	1017.600000
525.650000	631.340000	1006.300000
642.900000	551.020000	1109.900000
632.430000	550.310000	1097.100000
625.990000	549.260000	1081.700000
619.020000	548.570000	1066.700000
613.160000	547.960000	1051.100000
608.010000	547.440000	1035.300000
604.780000	546.960000	1018.900000
601.750000	546.260000	1002.600000
618.540000	381.590000	1060.000000
609.290000	390.530000	1053.800000
600.320000	399.760000	1047.600000
591.870000	408.290000	1039.800000
583.770000	416.840000	1031.700000
576.410000	424.210000	1021.900000
569.280000	431.990000	1012.300000
563.140000	438.660000	1001.200000
436.110000	415.590000	1117.900000
441.950000	422.830000	1111.100000
447.430000	429.860000	1103.900000
451.610000	436.140000	1095.200000
455.000000	441.910000	1086.000000
456.920000	446.680000	1075.800000
456.670000	449.610000	1064.700000
456.500000	451.440000	1053.300000
420.710000	516.980000	1064.600000
429.790000	532.030000	1064.500000
430.910000	549.540000	1062.500000
426.190000	426.190000	426.190000
432.230000	582.380000	1052.900000
437.180000	597.280000	1044.800000
439.180000	611.510000	1034.100000
426.190000	426.190000	426.190000
464.770000	629.930000	1019.000000
485.580000	629.070000	1016.800000
506.010000	629.250000	1012.500000
426.190000	426.190000	426.190000
545.330000	627.690000	1001.200000
564.350000	621.240000	995.980000
582.250000	620.830000	985.170000
426.190000	426.190000	426.190000
602.990000	597.770000	985.210000
599.510000	582.090000	993.370000
601.060000	564.490000	999.090000
426.190000	426.190000	426.190000
602.360000	527.920000	1002.300000
609.880000	511.810000	997.940000
620.130000	498.660000	989.770000
426.190000	426.190000	426.190000
611.370000	469.360000	980.210000
596.170000	460.770000	991.350000
579.100000	451.430000	998.650000
426.190000	426.190000	426.190000
544.540000	432.030000	1008.300000
526.330000	423.840000	1013.200000
508.710000	413.290000	1014.300000
426.190000	426.190000	426.190000
481.810000	415.620000	1028.800000
476.150000	428.780000	1038.100000
467.580000	440.460000	1046.400000
426.190000	426.190000	426.190000
444.920000	463.000000	1058.300000
434.280000	475.900000	1061.800000
421.890000	487.630000	1062.800000
426.190000	426.190000	426.190000
435.090000	563.570000	1015.800000
428.870000	560.710000	973.060000
429.300000	559.320000	929.640000
427.360000	558.650000	885.560000
425.920000	557.820000	841.500000
427.860000	556.090000	797.510000
431.420000	553.970000	753.610000
435.190000	552.090000	709.700000
438.860000	550.650000	665.880000
443.110000	549.240000	622.020000
447.070000	548.460000	578.070000
450.720000	548.360000	534.160000
454.820000	548.470000	490.290000
459.370000	548.830000	446.430000
464.550000	549.340000	402.610000
469.420000	549.610000	358.780000
474.190000	549.570000	314.940000
478.790000	550.610000	271.070000
484.450000	552.080000	227.490000
490.920000	553.830000	183.910000
493.910000	558.270000	140.240000
479.210000	573.840000	106.790000
445.800000	599.000000	96.780000
430.720000	606.800000	58.125000
452.610000	595.020000	23.407000
487.350000	573.920000	7.026400
520.480000	615.340000	971.770000
517.790000	611.840000	933.410000
517.140000	611.860000	894.260000
516.460000	609.290000	855.210000
515.980000	605.920000	816.220000
515.700000	602.640000	777.210000
515.430000	598.080000	738.320000
515.020000	592.600000	699.580000
515.120000	589.200000	660.600000
515.320000	585.830000	621.650000
515.730000	582.870000	582.660000
516.390000	580.380000	543.600000
517.210000	578.120000	504.520000
518.510000	576.850000	465.410000
519.730000	575.220000	426.330000
522.110000	575.210000	387.240000
524.380000	573.970000	348.180000
527.700000	573.930000	309.180000
531.080000	572.910000	270.250000
535.920000	574.110000	231.470000
541.040000	573.630000	192.710000
546.780000	576.610000	154.380000
553.110000	592.390000	120.140000
552.390000	606.460000	84.674000
542.540000	602.400000	47.574000
524.720000	583.170000	19.206000
593.710000	544.820000	964.580000
589.510000	544.090000	926.040000
588.170000	543.520000	887.310000
587.400000	542.990000	848.530000
584.160000	542.370000	810.020000
580.160000	541.720000	771.410000
574.950000	540.980000	732.910000
570.630000	540.350000	694.330000
566.990000	539.880000	655.740000
564.200000	538.940000	616.990000
561.680000	538.030000	578.250000
558.940000	537.190000	539.520000
558.040000	536.720000	500.720000
557.890000	536.490000	461.870000
557.880000	536.420000	423.010000
559.000000	536.680000	384.170000
560.710000	537.240000	345.380000
562.890000	538.110000	306.640000
566.090000	539.450000	267.980000
568.940000	541.010000	229.310000
573.800000	543.220000	190.840000
584.100000	546.880000	153.860000
600.180000	552.590000	119.210000
601.060000	556.210000	81.462000
580.870000	554.910000	48.876000
553.780000	551.770000	21.355000
550.430000	448.610000	965.820000
545.900000	450.620000	926.940000
543.880000	451.470000	887.750000
542.400000	453.300000	848.480000
540.600000	456.160000	809.350000
538.530000	459.980000	770.410000
536.770000	463.540000	731.340000
534.870000	467.850000	692.330000
533.490000	471.480000	653.180000
532.180000	475.350000	614.070000
531.760000	477.880000	574.830000
531.750000	480.190000	535.660000
532.240000	482.250000	496.390000
533.190000	484.200000	457.150000
535.210000	485.410000	417.900000
537.700000	486.830000	378.680000
541.060000	487.750000	339.500000
544.720000	489.140000	300.350000
548.120000	492.230000	261.290000
552.030000	495.910000	222.330000
556.170000	500.990000	183.570000
564.270000	504.700000	145.390000
571.840000	495.710000	108.520000
568.000000	484.310000	71.595000
555.420000	489.780000	35.360000
532.830000	512.180000	14.081000
455.540000	459.000000	1010.300000
452.830000	463.130000	966.900000
449.670000	465.360000	924.440000
446.710000	466.900000	880.640000
445.230000	469.420000	836.790000
445.440000	471.530000	792.890000
446.650000	474.210000	749.150000
449.060000	477.980000	705.620000
451.590000	481.500000	661.910000
454.380000	484.920000	618.180000
457.170000	487.940000	574.410000
459.580000	490.230000	530.580000
462.130000	492.280000	486.760000
465.790000	494.860000	443.070000
468.880000	496.500000	399.280000
472.710000	498.380000	355.570000
477.220000	500.280000	311.920000
482.820000	502.570000	268.400000
488.500000	504.460000	224.890000
496.580000	507.740000	181.810000
501.420000	508.680000	138.270000
492.380000	499.330000	100.050000
464.520000	469.370000	87.387000
454.660000	459.140000	47.983000
469.640000	480.800000	14.455000
494.650000	514.270000	2.103300
430.590000	507.800000	1026.400000
430.120000	509.420000	983.450000
424.640000	509.700000	946.400000
419.440000	509.880000	903.580000
416.710000	510.050000	860.750000
416.400000	510.590000	817.700000
419.820000	511.710000	774.870000
424.420000	512.980000	731.990000
428.810000	514.210000	689.090000
433.760000	515.490000	646.280000
438.310000	516.710000	603.410000
442.330000	517.860000	560.600000
447.000000	519.120000	517.780000
451.430000	520.320000	474.890000
455.460000	520.930000	431.950000
459.670000	521.850000	389.040000
463.580000	523.090000	346.100000
468.410000	524.600000	303.250000
473.700000	526.430000	260.490000
478.640000	528.560000	217.720000
485.930000	531.830000	175.380000
488.100000	533.030000	132.370000
468.790000	531.930000	96.695000
437.090000	530.430000	69.993000
451.770000	534.870000	32.608000
483.410000	539.150000	3.908600
462.080000	600.450000	999.810000
462.390000	596.300000	959.440000
460.710000	594.630000	918.830000
459.130000	594.370000	878.210000
459.280000	592.100000	837.490000
460.600000	588.420000	796.930000
462.570000	584.390000	756.430000
465.240000	580.010000	715.990000
467.880000	576.770000	675.440000
470.520000	574.300000	634.950000
473.290000	572.140000	594.350000
475.470000	571.710000	553.590000
478.000000	571.760000	512.880000
481.290000	570.940000	472.240000
484.710000	570.440000	431.570000
488.280000	570.530000	390.910000
492.750000	569.320000	350.370000
497.320000	569.190000	309.870000
502.370000	569.290000	269.440000
507.940000	569.560000	229.080000
514.690000	569.250000	188.840000
520.540000	570.440000	148.570000
518.960000	587.090000	112.070000
507.900000	611.030000	81.235000
503.070000	609.500000	43.067000
503.540000	582.810000	12.516000
573.050000	588.270000	975.910000
562.200000	582.580000	939.730000
558.420000	580.900000	900.920000
558.510000	582.690000	861.960000
556.750000	582.040000	822.950000
554.370000	580.470000	784.050000
551.240000	577.790000	745.320000
547.330000	573.980000	706.660000
544.770000	571.360000	667.790000
542.710000	568.940000	628.880000
540.750000	566.230000	590.000000
539.320000	563.670000	551.060000
539.490000	562.640000	512.190000
539.290000	560.640000	473.200000
540.300000	559.780000	434.220000
541.910000	559.220000	395.220000
543.690000	558.520000	356.220000
546.850000	559.240000	317.310000
550.630000	560.280000	278.520000
554.370000	560.770000	239.650000
558.790000	561.570000	200.910000
564.710000	563.610000	162.390000
575.560000	573.930000	126.620000
575.760000	581.270000	89.390000
563.350000	579.870000	52.530000
542.470000	569.190000	21.799000
591.740000	494.620000	977.090000
578.310000	499.440000	941.590000
574.110000	499.020000	903.160000
575.820000	497.950000	864.280000
571.800000	498.730000	825.320000
570.080000	498.710000	786.100000
565.680000	500.080000	747.170000
561.670000	501.550000	708.140000
558.090000	503.070000	669.080000
555.580000	504.230000	629.910000
552.500000	505.960000	590.790000
551.260000	506.800000	551.880000
550.470000	507.590000	512.640000
550.220000	508.330000	473.380000
550.780000	508.930000	434.400000
552.300000	509.680000	395.160000
553.920000	510.710000	355.960000
558.050000	511.660000	316.940000
561.830000	513.350000	277.890000
563.780000	516.160000	238.840000
567.560000	519.280000	199.910000
574.320000	522.490000	161.520000
585.260000	522.930000	123.910000
586.250000	522.070000	85.380000
571.430000	524.190000	49.149000
547.580000	528.960000	18.584000
501.610000	435.750000	997.520000
502.950000	443.200000	957.460000
499.520000	442.540000	916.470000
497.070000	442.690000	875.410000
495.540000	446.140000	834.560000
494.510000	450.870000	793.750000
494.040000	454.700000	752.830000
494.190000	458.810000	711.900000
494.800000	464.710000	671.210000
496.090000	470.080000	630.610000
498.400000	472.370000	589.640000
501.090000	476.920000	548.840000
503.210000	478.380000	507.790000
505.150000	481.950000	466.960000
507.840000	482.120000	425.900000
510.920000	482.150000	384.860000
514.260000	483.090000	343.870000
518.000000	484.280000	302.930000
522.050000	486.750000	262.080000
526.420000	491.310000	221.440000
531.570000	496.110000	180.940000
538.480000	500.050000	140.630000
541.390000	490.070000	101.570000
533.340000	471.120000	66.629000
519.310000	476.680000	30.718000
513.510000	508.660000	6.140700
