554.910000	436.760000	1083.000000
554.970000	426.230000	1098.500000
552.470000	419.360000	1116.000000
548.580000	406.390000	1125.200000
535.550000	393.730000	1125.700000
517.970000	386.980000	1125.800000
500.150000	383.200000	1130.000000
481.530000	382.840000	1133.000000
463.370000	387.830000	1133.000000
447.930000	398.580000	1131.300000
435.570000	411.670000	1126.700000
425.440000	423.770000	1116.700000
419.580000	432.830000	1101.700000
418.650000	437.270000	1083.700000
421.370000	440.380000	1065.300000
424.670000	442.510000	1046.800000
409.890000	438.610000	1057.800000
399.060000	435.460000	1072.500000
390.780000	437.650000	1089.500000
381.610000	444.580000	1104.600000
370.380000	454.720000	1115.400000
356.930000	466.000000	1122.000000
344.420000	479.890000	1124.700000
338.680000	497.420000	1126.800000
338.510000	515.400000	1129.800000
345.780000	532.670000	1131.400000
353.630000	548.610000	1126.400000
355.380000	560.590000	1112.300000
353.580000	567.700000	1095.300000
357.610000	569.720000	1076.800000
365.700000	572.570000	1059.900000
378.300000	576.540000	1046.300000
368.920000	573.680000	1065.800000
363.600000	573.040000	1086.700000
364.270000	572.270000	1108.200000
362.480000	579.130000	1128.600000
369.430000	589.060000	1145.700000
384.420000	598.400000	1158.000000
398.270000	612.510000	1166.400000
413.920000	627.080000	1168.500000
432.660000	637.570000	1166.800000
448.920000	649.250000	1158.300000
464.540000	658.800000	1146.500000
478.340000	662.650000	1130.300000
488.530000	656.870000	1112.100000
492.170000	657.860000	1090.800000
491.100000	652.590000	1070.200000
485.060000	647.390000	1050.000000
492.180000	657.680000	1064.000000
496.240000	664.330000	1080.400000
498.990000	665.290000	1098.800000
504.030000	663.550000	1116.800000
512.000000	661.800000	1133.500000
527.170000	661.160000	1140.900000
545.860000	660.710000	1139.400000
564.250000	658.920000	1136.200000
578.470000	648.810000	1130.700000
589.320000	634.050000	1127.200000
597.280000	617.390000	1123.600000
603.950000	601.080000	1117.100000
605.780000	587.870000	1104.000000
605.030000	577.130000	1088.600000
599.760000	566.880000	1073.900000
592.170000	558.790000	1059.100000
596.920000	557.430000	1079.900000
597.710000	558.240000	1101.300000
607.720000	553.770000	1117.400000
620.400000	536.850000	1120.200000
628.100000	517.270000	1117.400000
628.460000	496.070000	1114.200000
624.590000	475.350000	1115.000000
617.200000	455.960000	1120.600000
604.920000	438.730000	1124.800000
588.600000	425.620000	1129.000000
567.950000	421.630000	1135.500000
549.360000	429.370000	1127.400000
531.130000	431.290000	1116.300000
525.850000	444.780000	1101.500000
534.630000	449.590000	1085.600000
547.930000	447.080000	1068.900000
483.230000	393.660000	1131.000000
484.800000	405.480000	1127.700000
485.580000	414.160000	1118.900000
486.150000	423.230000	1110.500000
486.220000	430.440000	1100.400000
485.870000	435.720000	1089.200000
485.240000	439.180000	1077.300000
485.760000	441.840000	1065.200000
346.870000	497.940000	1118.200000
356.730000	499.510000	1111.300000
365.590000	500.950000	1103.100000
373.500000	502.290000	1094.000000
379.170000	503.250000	1083.200000
384.290000	504.250000	1072.200000
389.500000	505.470000	1061.400000
394.530000	506.940000	1050.400000
418.800000	622.830000	1156.000000
423.160000	617.050000	1143.200000
426.060000	613.000000	1129.300000
428.420000	610.110000	1115.100000
430.530000	607.960000	1100.600000
432.340000	606.400000	1086.100000
431.740000	608.110000	1071.500000
434.270000	606.090000	1057.400000
562.800000	651.300000	1127.400000
557.530000	641.360000	1120.700000
553.250000	633.820000	1111.000000
548.760000	625.480000	1101.800000
544.970000	618.560000	1091.300000
542.040000	613.250000	1079.600000
539.120000	608.070000	1067.900000
538.320000	605.640000	1055.000000
609.420000	463.980000	1121.100000
600.210000	470.880000	1119.900000
591.460000	477.640000	1116.700000
586.000000	484.290000	1109.000000
580.530000	490.660000	1101.000000
576.820000	495.760000	1091.200000
574.600000	499.370000	1080.400000
573.180000	502.120000	1069.200000
533.020000	443.120000	1068.500000
517.180000	443.850000	1069.000000
501.470000	443.200000	1067.700000
554.910000	554.910000	554.910000
470.150000	441.070000	1061.800000
454.720000	441.520000	1057.700000
439.570000	441.960000	1052.600000
554.910000	554.910000	554.910000
413.450000	455.790000	1046.600000
407.040000	472.830000	1048.900000
399.690000	489.580000	1049.600000
554.910000	554.910000	554.910000
391.720000	525.090000	1050.900000
388.740000	543.120000	1050.800000
379.960000	558.540000	1046.700000
554.910000	554.910000	554.910000
390.570000	584.540000	1051.400000
406.270000	588.960000	1055.000000
419.710000	598.260000	1056.200000
554.910000	554.910000	554.910000
447.490000	616.330000	1057.200000
460.830000	626.140000	1056.000000
472.560000	637.760000	1053.500000
554.910000	554.910000	554.910000
498.540000	640.210000	1052.000000
508.800000	625.410000	1054.000000
522.170000	613.570000	1054.700000
554.910000	554.910000	554.910000
551.920000	593.830000	1056.300000
565.920000	582.600000	1057.400000
580.700000	572.150000	1057.900000
554.910000	554.910000	554.910000
590.910000	543.940000	1062.600000
585.320000	530.160000	1065.600000
579.950000	515.740000	1067.500000
554.910000	554.910000	554.910000
565.270000	488.880000	1070.900000
557.720000	475.480000	1072.900000
554.410000	460.540000	1071.500000
554.910000	554.910000	554.910000
483.890000	450.630000	1021.600000
483.260000	454.410000	977.250000
482.700000	458.610000	933.000000
482.260000	463.050000	888.760000
482.350000	469.440000	844.690000
482.300000	473.580000	800.310000
482.860000	479.050000	756.180000
483.980000	485.080000	712.120000
485.440000	490.560000	668.140000
486.800000	496.570000	624.060000
487.330000	503.100000	580.050000
488.140000	509.530000	536.110000
488.930000	515.840000	492.060000
489.610000	521.870000	447.950000
490.090000	529.610000	404.100000
490.530000	534.690000	359.850000
490.890000	540.520000	315.750000
491.300000	545.360000	271.560000
491.730000	552.120000	227.570000
492.400000	556.760000	183.270000
493.120000	558.200000	138.860000
495.030000	538.490000	101.130000
499.250000	495.160000	107.650000
509.010000	470.780000	76.237000
510.110000	492.530000	39.811000
506.640000	526.970000	12.069000
402.530000	510.990000	1010.300000
401.010000	513.400000	969.210000
401.030000	515.910000	928.000000
401.970000	518.560000	886.830000
404.840000	522.140000	845.830000
408.490000	526.190000	804.920000
410.320000	529.040000	763.960000
414.270000	533.200000	723.170000
417.760000	537.020000	682.210000
420.970000	540.580000	641.220000
424.530000	544.320000	600.270000
427.690000	547.750000	559.250000
430.370000	551.230000	518.240000
434.050000	555.750000	477.390000
435.800000	559.220000	436.350000
437.580000	563.030000	395.280000
438.500000	566.470000	354.160000
439.120000	569.960000	313.030000
440.410000	574.270000	272.050000
441.250000	578.460000	231.010000
442.080000	582.870000	190.010000
442.750000	587.310000	149.020000
433.190000	583.110000	109.830000
429.940000	562.930000	74.428000
444.900000	556.440000	37.983000
476.010000	567.450000	14.071000
435.740000	607.440000	1016.500000
434.950000	612.860000	975.900000
434.020000	618.390000	935.210000
433.440000	623.210000	894.410000
433.280000	627.190000	853.510000
433.830000	629.780000	812.550000
434.620000	631.830000	771.500000
435.500000	633.590000	730.460000
437.070000	634.000000	689.400000
438.720000	634.120000	648.330000
440.640000	633.630000	607.290000
442.900000	632.400000	566.290000
444.540000	631.960000	525.240000
445.630000	631.930000	484.170000
446.670000	631.930000	443.080000
447.080000	632.960000	402.000000
447.670000	633.640000	360.910000
447.590000	635.320000	319.850000
447.950000	636.240000	278.760000
447.570000	638.240000	237.730000
446.770000	640.880000	196.750000
443.100000	647.060000	156.430000
444.320000	650.170000	115.600000
452.580000	644.510000	76.545000
469.990000	625.940000	45.248000
489.980000	603.580000	17.860000
531.710000	605.210000	1014.700000
531.380000	610.660000	974.090000
531.320000	615.690000	933.410000
531.070000	619.720000	892.600000
530.040000	622.070000	851.680000
527.770000	622.380000	810.730000
525.380000	622.090000	769.790000
523.290000	621.650000	728.840000
521.350000	620.900000	687.880000
519.760000	620.070000	646.890000
517.980000	620.710000	605.920000
516.360000	621.580000	564.940000
514.580000	622.360000	523.960000
513.290000	623.640000	482.970000
511.930000	624.920000	441.990000
510.560000	626.240000	401.040000
508.780000	627.230000	360.070000
507.520000	628.820000	319.130000
505.770000	630.160000	278.180000
503.810000	631.630000	237.280000
502.170000	633.760000	196.380000
502.030000	637.340000	155.550000
516.020000	645.220000	118.810000
538.960000	649.610000	85.248000
544.720000	637.250000	47.816000
530.130000	612.290000	20.356000
566.140000	508.200000	1022.300000
563.930000	511.540000	974.620000
562.290000	514.890000	926.960000
559.510000	518.980000	879.390000
554.510000	524.070000	832.210000
551.930000	528.270000	784.600000
550.280000	532.220000	736.930000
545.980000	537.220000	689.550000
544.840000	541.140000	641.860000
541.050000	546.060000	594.420000
539.010000	551.020000	546.860000
535.950000	556.750000	499.490000
532.940000	562.310000	452.080000
531.410000	567.380000	404.500000
527.540000	572.530000	357.040000
525.590000	576.970000	309.420000
522.940000	580.890000	261.780000
520.700000	583.950000	214.060000
518.940000	585.830000	166.280000
524.170000	585.530000	119.160000
559.510000	577.830000	118.200000
545.580000	579.760000	100.310000
568.010000	573.310000	105.050000
604.260000	562.270000	100.110000
593.240000	563.620000	55.391000
562.960000	570.180000	19.051000
535.180000	467.530000	1034.800000
533.580000	471.740000	991.080000
534.590000	473.010000	946.960000
534.790000	475.700000	902.870000
534.610000	479.220000	858.860000
533.340000	484.220000	815.110000
532.710000	488.770000	771.170000
532.010000	493.600000	727.540000
528.990000	500.460000	684.730000
528.810000	505.100000	640.780000
526.790000	511.170000	597.100000
525.920000	516.730000	553.350000
522.720000	523.820000	509.950000
520.790000	529.810000	466.490000
518.980000	535.570000	422.720000
516.440000	541.850000	379.060000
515.510000	546.610000	335.280000
514.740000	551.110000	291.390000
513.380000	556.130000	247.530000
512.230000	560.990000	203.640000
512.340000	564.700000	159.670000
517.150000	563.330000	115.990000
539.490000	536.420000	113.330000
561.580000	510.650000	93.436000
551.040000	525.980000	55.768000
540.250000	542.420000	16.933000
441.830000	458.520000	1014.900000
444.250000	462.800000	971.700000
443.660000	465.390000	928.250000
442.740000	469.410000	884.990000
442.960000	476.680000	842.180000
442.760000	482.780000	799.250000
444.790000	489.520000	756.270000
447.410000	496.830000	713.430000
449.590000	503.340000	670.420000
452.080000	509.930000	627.510000
454.080000	515.800000	584.520000
455.800000	521.160000	541.320000
457.860000	526.720000	498.230000
460.470000	532.930000	455.260000
461.930000	537.510000	411.980000
463.260000	541.560000	368.710000
464.640000	546.390000	325.470000
466.220000	551.040000	282.390000
467.690000	556.060000	239.280000
468.940000	561.830000	196.280000
469.880000	565.070000	153.380000
468.600000	557.320000	111.510000
454.100000	521.510000	100.860000
450.090000	496.980000	72.535000
467.380000	517.570000	39.280000
485.390000	544.630000	11.086000
403.490000	560.090000	1021.400000
405.160000	562.090000	980.520000
402.520000	567.630000	939.880000
398.590000	573.910000	899.470000
400.060000	576.600000	858.830000
400.650000	579.750000	817.810000
403.750000	581.780000	776.910000
407.070000	584.030000	736.020000
409.900000	586.810000	695.060000
413.070000	588.880000	654.060000
416.230000	590.470000	613.050000
419.010000	592.140000	572.030000
421.990000	593.820000	531.020000
425.060000	595.540000	490.020000
426.080000	597.400000	448.930000
427.250000	599.300000	407.850000
429.860000	601.130000	366.840000
431.070000	603.110000	325.790000
432.070000	605.180000	284.710000
433.070000	607.290000	243.640000
434.280000	609.710000	202.590000
434.490000	610.050000	161.480000
429.180000	613.590000	121.120000
435.560000	610.820000	81.201000
454.780000	599.490000	46.747000
477.770000	586.130000	15.377000
492.090000	623.060000	1026.800000
487.900000	622.310000	987.250000
484.810000	627.250000	946.150000
483.690000	632.690000	904.970000
483.520000	637.150000	863.700000
483.470000	635.500000	823.780000
483.770000	641.940000	783.920000
483.830000	642.930000	742.340000
483.550000	640.870000	700.800000
483.460000	639.200000	659.220000
483.580000	637.370000	617.660000
483.600000	635.950000	576.090000
483.580000	636.770000	534.510000
483.340000	636.940000	492.910000
482.920000	637.060000	451.290000
482.330000	636.940000	409.760000
481.560000	638.410000	368.200000
480.580000	639.250000	326.630000
479.400000	639.950000	285.060000
478.000000	640.910000	243.510000
475.580000	641.330000	201.980000
474.370000	648.340000	161.270000
475.410000	660.150000	121.840000
481.850000	652.880000	81.954000
494.720000	633.390000	47.789000
510.620000	610.940000	18.126000
570.630000	560.470000	1024.800000
569.040000	564.630000	982.450000
566.930000	568.700000	940.030000
564.520000	572.460000	897.600000
561.320000	575.620000	855.200000
556.600000	577.750000	812.870000
552.310000	579.610000	770.440000
548.530000	581.300000	728.010000
544.490000	582.490000	685.570000
541.740000	584.210000	643.280000
538.080000	586.850000	600.840000
534.390000	589.280000	558.400000
531.790000	592.170000	515.900000
529.930000	595.270000	473.380000
527.340000	597.690000	430.860000
526.250000	600.720000	388.320000
524.090000	602.850000	345.750000
522.890000	605.220000	303.160000
520.840000	606.850000	260.550000
518.680000	608.210000	217.970000
515.940000	609.220000	175.410000
518.070000	611.880000	132.890000
540.730000	614.190000	102.670000
576.290000	623.740000	88.067000
574.210000	608.040000	50.504000
548.330000	599.210000	18.337000
